Date,HIGH,LOW,OPEN,CLOSE,VOLUME,ticker
2018-10-01,76.1,72.6,74.71,28.877125601392162,13805.0,NGLNMc1
2018-10-02,77.72,73.86,76.5,28.44620841437199,15320.0,NGLNMc1
2018-10-03,75.02,73.0,74.19,28.430963251100422,15480.0,NGLNMc1
2018-10-04,75.47,73.65,74.7,28.728898215443415,16670.0,NGLNMc1
2018-10-05,75.65,73.55,74.85,29.268867847271984,9215.0,NGLNMc1
2018-10-08,75.25,73.0,75.0,28.393256218650833,10215.0,NGLNMc1
2018-10-09,73.7,71.42,73.26,28.048453952980523,11615.0,NGLNMc1
2018-10-10,72.0,69.91,72.0,27.39920496809636,13740.0,NGLNMc1
2018-10-11,69.88,68.25,68.3,26.909442795236632,12930.0,NGLNMc1
2018-10-12,72.37,68.75,68.75,28.02107414610844,17325.0,NGLNMc1
2018-10-15,74.08,71.25,72.37,27.99749411403419,11730.0,NGLNMc1
2018-10-16,71.99,70.35,71.65,27.435882212440717,11965.0,NGLNMc1
2018-10-17,71.0,68.54,70.0,27.112293991196644,12340.0,NGLNMc1
2018-10-18,71.1,69.24,70.25,27.08483979936534,18875.0,NGLNMc1
2018-10-19,72.77,69.55,69.55,28.108427338178593,12875.0,NGLNMc1
2018-10-22,71.5,70.23,71.02,27.192086191012386,14965.0,NGLNMc1
2018-10-23,69.6,68.35,69.5,26.758071450506705,17980.0,NGLNMc1
2018-10-24,70.2,67.9,69.0,26.252233937284608,14815.0,NGLNMc1
2018-10-25,67.9,66.78,67.4,25.870264441942204,13415.0,NGLNMc1
2018-10-26,67.1,64.93,66.99,25.0372040809363,12825.0,NGLNMc1
2018-10-29,67.31,65.1,65.17,25.773655440679704,15065.0,NGLNMc1
2018-10-30,66.15,64.5,65.95,24.78798102842324,10435.0,NGLNMc1
2018-10-31,69.86,67.57,68.6,26.248846350701204,11020.0,NGLNMc1
2018-11-01,67.48,65.61,67.47,25.561888968505816,9860.0,NGLNMc1
2018-11-02,67.78,65.26,66.19,26.248316101955165,12135.0,NGLNMc1
2018-11-05,66.4,65.2,65.75,25.674306479680624,12590.0,NGLNMc1
2018-11-06,66.16,64.91,65.36,25.82831678438599,12285.0,NGLNMc1
2018-11-07,67.96,66.5,66.6,26.384055686354795,11355.0,NGLNMc1
2018-11-08,69.2,66.67,68.3,26.28248746033371,18285.0,NGLNMc1
2018-11-09,68.5,66.6,68.0,26.199382400109187,13070.0,NGLNMc1
2018-11-12,72.05,70.0,70.0,27.915886307025623,11720.0,NGLNMc1
2018-11-13,73.12,70.65,71.98,28.502905107994682,17005.0,NGLNMc1
2018-11-14,73.5,71.73,73.02,28.2784863684444,17560.0,NGLNMc1
2018-11-15,74.77,72.25,72.9,28.700139898317808,15430.0,NGLNMc1
2018-11-16,75.0,71.54,74.84,27.697704985157127,21975.0,NGLNMc1
2018-11-19,67.9,66.34,67.5,25.618354318081007,17585.0,NGLNMc1
2018-11-20,67.66,66.47,66.9,25.642452315146553,12035.0,NGLNMc1
2018-11-21,67.52,65.7,66.35,25.78681953117003,12770.0,NGLNMc1
2018-11-22,67.22,65.21,66.5,25.822955266659843,11480.0,NGLNMc1
2018-11-23,68.52,66.0,66.0,26.0663114614256,13010.0,NGLNMc1
2018-11-26,67.5,65.05,67.5,25.477089773774185,10620.0,NGLNMc1
2018-11-27,68.35,66.03,66.03,26.233446616849218,17985.0,NGLNMc1
2018-11-28,66.25,64.32,66.2,24.927749684375755,17925.0,NGLNMc1
2018-11-29,66.46,64.5,64.5,25.389831780803224,11285.0,NGLNMc1
2018-11-30,68.13,67.35,67.95,25.960968369331564,7150.0,NGLNMc1
2018-12-03,70.64,68.0,70.64,26.290615893813765,9265.0,NGLNMc1
2018-12-04,68.2,66.62,68.0,25.61082505885966,10030.0,NGLNMc1
2018-12-05,67.61,64.43,66.75,24.817115364929883,11895.0,NGLNMc1
2018-12-06,63.92,62.73,63.61,24.14204524516327,13240.0,NGLNMc1
2018-12-07,63.8,61.51,62.6,24.136810318353977,10430.0,NGLNMc1
2018-12-10,64.65,63.3,63.3,24.321789333606304,9255.0,NGLNMc1
2018-12-11,65.5,64.41,64.7,24.55975534855154,10010.0,NGLNMc1
2018-12-12,67.2,64.75,64.75,25.0299007063159,10910.0,NGLNMc1
2018-12-13,67.7,66.4,66.99,25.279901729962123,5880.0,NGLNMc1
2018-12-14,68.21,66.85,66.85,25.810195516429523,7735.0,NGLNMc1
2018-12-17,68.75,67.25,67.71,25.822012488483985,8720.0,NGLNMc1
2018-12-18,66.93,65.36,66.75,24.87532841983144,8050.0,NGLNMc1
2018-12-19,67.85,66.11,66.4,25.428086122769304,10675.0,NGLNMc1
2018-12-20,69.3,66.72,67.95,25.889601801617363,10020.0,NGLNMc1
2018-12-21,69.16,68.09,68.85,26.17854266898693,10150.0,NGLNMc1
2018-12-24,69.05,66.31,69.05,25.583087999454055,3140.0,NGLNMc1
2018-12-26,,,,25.56930153205719,,NGLNMc1
2018-12-27,66.8,64.2,66.8,24.28625379602143,9155.0,NGLNMc1
2018-12-28,65.6,62.4,65.0,23.706097178148568,6500.0,NGLNMc1
2018-12-31,62.91,60.2,62.87,23.1739676527792,2505.0,NGLNMc1
2019-01-02,62.65,60.0,60.72,23.5706172586754,7955.0,NGLNMc1
2019-01-03,62.75,61.2,62.75,23.3788463507012,9625.0,NGLNMc1
2019-01-04,63.84,62.16,62.4,24.210453134063535,9030.0,NGLNMc1
2019-01-07,61.75,58.75,61.75,22.51342136690893,9365.0,NGLNMc1
2019-01-08,61.5,59.52,59.52,23.03458832360869,11545.0,NGLNMc1
2019-01-09,62.1,59.65,61.3,22.70148735796909,11495.0,NGLNMc1
2019-01-10,61.11,59.15,60.5,22.649151738492513,8040.0,NGLNMc1
2019-01-11,62.44,60.25,60.25,23.4441218821442,12360.0,NGLNMc1
2019-01-14,62.0,59.18,62.0,22.690490326543145,12800.0,NGLNMc1
2019-01-15,61.0,59.8,60.25,23.29722080049135,12925.0,NGLNMc1
2019-01-16,61.95,60.0,61.75,23.204555225713992,11420.0,NGLNMc1
2019-01-17,63.3,61.5,61.5,24.492272494625855,15755.0,NGLNMc1
2019-01-18,63.25,61.33,63.25,23.883615518476816,13645.0,NGLNMc1
2019-01-21,59.95,58.5,59.6,22.93550107482854,12670.0,NGLNMc1
2019-01-22,59.75,58.89,59.5,23.07352714368581,13865.0,NGLNMc1
2019-01-23,60.55,59.71,59.99,23.577343296823283,16295.0,NGLNMc1
2019-01-24,58.98,57.5,58.75,22.69837752072884,12330.0,NGLNMc1
2019-01-25,57.0,55.25,57.0,22.125732418876037,11155.0,NGLNMc1
2019-01-28,55.5,54.56,55.3,21.68860681748388,14495.0,NGLNMc1
2019-01-29,55.95,53.7,53.96,21.497445661446076,11940.0,NGLNMc1
2019-01-30,56.0,54.01,55.0,21.070985771317435,8055.0,NGLNMc1
2019-01-31,52.5,51.15,52.5,20.12491759647866,8865.0,NGLNMc1
2019-02-01,51.0,49.87,51.0,19.50725969904801,9610.0,NGLNMc1
2019-02-04,50.8,48.2,48.5,19.702551608830653,14975.0,NGLNMc1
2019-02-05,51.2,49.8,51.0,19.560203364383934,12735.0,NGLNMc1
2019-02-06,50.93,49.7,49.7,19.370262394649743,11835.0,NGLNMc1
2019-02-07,51.5,49.49,51.0,19.407663356877197,10925.0,NGLNMc1
2019-02-08,49.27,48.0,49.27,18.74814037601938,8675.0,NGLNMc1
2019-02-11,48.05,46.66,47.25,18.599031289453034,11085.0,NGLNMc1
2019-02-12,48.25,46.55,47.5,18.24248131845634,8105.0,NGLNMc1
2019-02-13,48.0,46.06,46.07,18.533241887603644,14635.0,NGLNMc1
2019-02-14,48.42,46.99,47.75,18.197123554099704,15760.0,NGLNMc1
2019-02-15,47.4,46.84,47.0,18.545902344149862,,NGLNMc1
2019-02-18,47.9,45.7,47.87,17.84368717371277,9935.0,NGLNMc1
2019-02-19,46.98,45.46,45.76,18.20824171699594,10595.0,NGLNMc1
2019-02-20,47.89,46.15,46.33,18.620444262462893,17050.0,NGLNMc1
2019-02-21,47.0,45.35,47.0,17.91687992629747,16500.0,NGLNMc1
2019-02-22,45.53,44.6,45.1,17.644702630770805,8265.0,NGLNMc1
2019-02-25,44.61,43.64,44.34,17.342013853345616,12225.0,NGLNMc1
2019-02-26,44.76,43.5,43.5,17.378873306718532,12400.0,NGLNMc1
2019-02-27,45.31,44.0,44.0,17.934862319582354,18940.0,NGLNMc1
2019-02-28,44.4,43.23,44.17,17.54496434298973,6530.0,NGLNMc1
2019-03-01,43.85,42.94,43.6,17.069575528030846,11710.0,NGLNMc1
2019-03-04,43.5,42.5,42.5,17.104678063261336,8345.0,NGLNMc1
2019-03-05,44.0,42.77,43.5,17.025198075545095,10235.0,NGLNMc1
2019-03-06,42.61,42.0,42.36,16.721727914832634,11015.0,NGLNMc1
2019-03-07,42.45,41.35,41.39,16.687450097246394,10450.0,NGLNMc1
2019-03-08,42.35,41.72,41.75,16.58418466577951,7850.0,NGLNMc1
2019-03-11,42.2,41.5,41.52,16.58573071279899,10670.0,NGLNMc1
2019-03-12,41.63,40.41,41.38,16.09215102194015,10350.0,NGLNMc1
2019-03-13,40.55,39.05,40.55,15.771248507182584,13385.0,NGLNMc1
2019-03-14,39.61,38.75,39.3,15.505701709489202,10625.0,NGLNMc1
2019-03-15,39.0,37.11,38.75,15.04507933258266,12245.0,NGLNMc1
2019-03-18,38.0,37.0,37.29,14.853399529122735,10180.0,NGLNMc1
2019-03-19,38.5,37.14,38.4,14.86646057255946,17025.0,NGLNMc1
2019-03-20,38.4,36.42,36.9,15.019119664244036,15680.0,NGLNMc1
2019-03-21,38.1,36.97,37.75,14.583405671000103,16595.0,NGLNMc1
2019-03-22,36.95,35.91,36.95,14.445823523390317,13320.0,NGLNMc1
2019-03-25,36.66,35.49,35.76,14.139307332719147,13680.0,NGLNMc1
2019-03-26,36.76,35.45,35.79,14.306139830074725,11640.0,NGLNMc1
2019-03-27,37.53,36.29,36.98,14.99464837752073,13280.0,NGLNMc1
2019-03-28,37.59,35.75,36.75,14.28247688265602,15930.0,NGLNMc1
2019-03-29,34.95,34.0,34.77,13.719055856962502,6620.0,NGLNMc1
2019-04-01,34.6,33.05,34.6,13.296411096325112,12455.0,NGLNMc1
2019-04-02,33.0,32.06,32.72,12.852540348722147,16510.0,NGLNMc1
2019-04-03,34.63,31.55,31.6,13.57715904050227,12795.0,NGLNMc1
2019-04-04,36.0,33.23,34.2,14.240551404101408,13045.0,NGLNMc1
2019-04-05,41.75,36.5,36.5,16.289064728563144,23885.0,NGLNMc1
2019-04-08,42.43,38.31,40.34,15.490662981540247,23350.0,NGLNMc1
2019-04-09,41.81,39.2,39.48,16.391886579997955,14465.0,NGLNMc1
2019-04-10,43.41,37.85,42.5,15.102580270925035,16325.0,NGLNMc1
2019-04-11,39.85,37.26,38.15,15.489327464428293,14985.0,NGLNMc1
2019-04-12,39.53,37.95,39.14,15.209794247108201,12630.0,NGLNMc1
2019-04-15,37.86,35.75,37.25,14.26261234517351,20315.0,NGLNMc1
2019-04-16,36.31,35.25,36.0,14.07623298188146,13025.0,NGLNMc1
2019-04-17,37.3,35.25,36.34,14.431583580714504,10835.0,NGLNMc1
2019-04-18,38.0,34.29,37.5,13.576375268707135,13980.0,NGLNMc1
2019-04-23,35.15,32.84,35.35,13.498372402497697,14945.0,NGLNMc1
2019-04-24,34.75,33.75,34.39,13.369098167673252,18390.0,NGLNMc1
2019-04-25,34.86,33.65,33.8,13.58009622274542,14785.0,NGLNMc1
2019-04-26,35.0,33.35,34.88,13.391350189374553,12820.0,NGLNMc1
2019-04-29,35.0,33.75,33.75,13.441066639369435,22765.0,NGLNMc1
2019-04-30,34.18,32.88,33.5,13.348228068379568,7615.0,NGLNMc1
2019-05-01,33.0,32.05,33.0,12.9594929539018,8275.0,NGLNMc1
2019-05-02,34.02,32.82,33.25,13.27819428805405,9235.0,NGLNMc1
2019-05-03,34.34,33.04,33.28,13.639144231753507,8890.0,NGLNMc1
2019-05-07,33.6,31.86,33.1,12.89985600709728,15085.0,NGLNMc1
2019-05-08,33.85,31.6,31.7,13.159579622615755,9545.0,NGLNMc1
2019-05-09,34.67,33.28,33.8,13.34706725355717,10420.0,NGLNMc1
2019-05-10,34.1,32.5,33.5,12.849674821714949,8875.0,NGLNMc1
2019-05-13,32.53,31.4,31.75,12.663855051694135,7855.0,NGLNMc1
2019-05-14,32.56,31.25,31.25,12.668503770430274,7615.0,NGLNMc1
2019-05-15,32.82,31.53,32.2,12.763855734124956,10705.0,NGLNMc1
2019-05-16,32.15,30.48,32.06,12.201300030709387,16930.0,NGLNMc1
2019-05-17,31.09,29.72,30.3,11.600385914627905,13665.0,NGLNMc1
2019-05-20,31.3,30.47,31.0,11.896693622684001,20815.0,NGLNMc1
2019-05-21,30.62,29.54,30.4,11.70939707237179,13410.0,NGLNMc1
2019-05-22,31.02,30.2,30.55,11.75703927389361,23510.0,NGLNMc1
2019-05-23,30.65,29.64,30.1,11.750650356570102,16450.0,NGLNMc1
2019-05-24,30.49,29.5,29.54,11.580041287064525,11480.0,NGLNMc1
2019-05-28,30.65,30.0,30.53,11.76547241273416,14975.0,NGLNMc1
2019-05-29,30.7,29.75,30.24,11.583105060224522,25500.0,NGLNMc1
2019-05-30,30.0,28.25,30.0,10.92910499198144,4065.0,NGLNMc1
2019-05-31,28.34,27.5,28.0,10.635903367796091,9930.0,NGLNMc1
2019-06-03,27.86,26.03,27.86,10.285073190705294,11900.0,NGLNMc1
2019-06-04,29.48,26.56,26.56,11.234105845019961,16290.0,NGLNMc1
2019-06-05,29.6,27.86,29.35,11.03418398334869,11405.0,NGLNMc1
2019-06-06,28.38,27.0,27.8,10.51589313133381,10870.0,NGLNMc1
2019-06-07,28.87,27.5,27.5,10.964036237076467,9810.0,NGLNMc1
2019-06-10,29.9,28.5,28.5,11.365162247927117,10130.0,NGLNMc1
2019-06-11,30.0,27.75,29.45,10.672649878868532,15400.0,NGLNMc1
2019-06-12,28.23,27.2,27.5,10.70709659808237,12600.0,NGLNMc1
2019-06-13,29.56,28.1,28.5,10.930438461800936,13585.0,NGLNMc1
2019-06-14,28.89,27.87,28.35,10.848930630907292,7925.0,NGLNMc1
2019-06-17,29.49,28.18,28.8,11.173143617565769,10670.0,NGLNMc1
2019-06-18,29.4,27.65,29.29,10.64691438905381,14870.0,NGLNMc1
2019-06-19,27.95,26.42,27.95,10.198925171460743,10640.0,NGLNMc1
2019-06-20,27.15,25.88,26.71,10.078816664960591,12295.0,NGLNMc1
2019-06-21,27.6,25.44,26.0,10.377530965298394,12290.0,NGLNMc1
2019-06-24,27.85,26.28,26.96,10.26495478895827,12960.0,NGLNMc1
2019-06-25,26.2,24.94,25.8,9.560558910840415,15950.0,NGLNMc1
2019-06-26,25.4,24.25,24.49,9.560083938990685,31860.0,NGLNMc1
2019-06-27,24.95,23.59,24.95,9.193630873170234,12180.0,NGLNMc1
2019-06-28,26.13,24.64,25.06,9.770928447128673,6120.0,NGLNMc1
2019-07-01,27.29,25.0,25.2,10.117823045688743,9740.0,NGLNMc1
2019-07-02,28.54,26.05,26.75,9.94372811956188,9495.0,NGLNMc1
2019-07-03,27.15,25.87,26.54,10.078445422595285,9795.0,NGLNMc1
2019-07-04,27.57,26.2,26.2,10.265147575664518,7700.0,NGLNMc1
2019-07-05,30.4,26.5,26.7,11.264736411096324,17700.0,NGLNMc1
2019-07-08,31.95,29.06,30.0,11.955456034394514,15075.0,NGLNMc1
2019-07-09,33.74,29.89,32.0,11.86648377520729,19175.0,NGLNMc1
2019-07-10,33.89,29.99,29.99,12.320898420172655,11385.0,NGLNMc1
2019-07-11,35.42,32.98,33.29,13.379959054150886,11420.0,NGLNMc1
2019-07-12,36.28,33.39,34.1,13.639044596853994,10415.0,NGLNMc1
2019-07-15,38.0,34.19,37.43,13.262754631999181,12800.0,NGLNMc1
2019-07-16,34.75,30.93,34.19,11.84767120483161,14130.0,NGLNMc1
2019-07-17,31.69,29.54,30.9,11.35199781622138,14120.0,NGLNMc1
2019-07-18,30.5,28.86,30.5,11.03783805916675,12195.0,NGLNMc1
2019-07-19,30.1,28.33,29.29,11.059500460640804,9310.0,NGLNMc1
2019-07-22,29.7,27.33,28.5,10.432404544989252,10640.0,NGLNMc1
2019-07-23,30.1,26.74,26.74,11.25308663459242,14030.0,NGLNMc1
2019-07-24,29.5,27.54,29.5,10.565766540416966,10845.0,NGLNMc1
2019-07-25,28.7,27.5,27.5,10.550798444057735,8425.0,NGLNMc1
2019-07-26,28.02,27.3,27.5,10.44477292114512,9130.0,NGLNMc1
2019-07-29,28.34,27.0,27.0,10.266470467806327,9205.0,NGLNMc1
2019-07-30,28.3,27.0,27.0,10.379282423994267,10230.0,NGLNMc1
2019-07-31,31.7,29.3,29.3,11.145656669055175,8780.0,NGLNMc1
2019-08-01,35.0,29.5,30.1,12.493697068959635,9020.0,NGLNMc1
2019-08-02,35.75,31.93,33.5,12.207338861022963,11195.0,NGLNMc1
2019-08-05,33.2,31.14,32.9,11.65638789367728,6300.0,NGLNMc1
2019-08-06,31.25,30.13,31.25,11.244257344661685,11555.0,NGLNMc1
2019-08-07,31.8,30.07,30.5,11.685972634524177,8440.0,NGLNMc1
2019-08-08,34.5,30.84,31.48,12.541854164534072,7330.0,NGLNMc1
2019-08-09,34.75,32.86,34.5,12.456157232060603,7850.0,NGLNMc1
2019-08-12,34.75,31.99,33.1,11.855566588187125,6305.0,NGLNMc1
2019-08-13,34.13,32.4,32.5,12.386434640188352,5525.0,NGLNMc1
2019-08-14,32.91,31.45,32.81,11.68565052717781,8230.0,NGLNMc1
2019-08-15,32.2,31.13,31.75,11.64480260688573,7465.0,NGLNMc1
2019-08-16,31.8,30.36,31.35,11.39346913706623,5355.0,NGLNMc1
2019-08-19,31.0,29.7,30.15,11.21398710205753,7980.0,NGLNMc1
2019-08-20,31.95,30.34,30.34,11.782270447333403,13785.0,NGLNMc1
2019-08-21,32.88,31.19,31.2,11.946817483877572,14095.0,NGLNMc1
2019-08-22,32.35,30.5,31.8,11.555098781860988,9085.0,NGLNMc1
2019-08-23,30.43,29.42,30.1,11.22856382434231,11705.0,NGLNMc1
2019-08-27,29.19,28.1,29.0,10.685051011703688,9135.0,NGLNMc1
2019-08-28,29.48,28.69,29.04,10.819059269116595,13745.0,NGLNMc1
2019-08-29,30.4,29.04,29.05,11.303824683522707,9255.0,NGLNMc1
2019-08-30,35.17,32.71,33.5,12.475144845941243,18700.0,NGLNMc1
2019-09-02,32.15,30.5,32.0,11.470921281605078,14555.0,NGLNMc1
2019-09-03,31.98,30.25,30.4,11.848889343842767,10850.0,NGLNMc1
2019-09-04,32.0,30.76,31.75,11.696826014262804,11570.0,NGLNMc1
2019-09-05,31.89,30.35,30.78,12.03682328453953,9000.0,NGLNMc1
2019-09-06,32.2,31.15,31.9,12.146261302760433,7250.0,NGLNMc1
2019-09-09,32.95,31.37,32.49,11.982372470740778,12690.0,NGLNMc1
2019-09-10,38.38,31.0,31.0,14.22025864128024,27445.0,NGLNMc1
2019-09-11,39.1,34.68,37.3,14.148933701845975,27445.0,NGLNMc1
2019-09-12,38.4,35.35,35.5,14.268277203398508,21185.0,NGLNMc1
2019-09-13,41.65,37.45,38.55,14.690099634899513,20580.0,NGLNMc1
2019-09-16,40.42,37.75,40.0,15.299345890060396,17165.0,NGLNMc1
2019-09-17,39.17,34.14,39.0,13.520710410482138,26080.0,NGLNMc1
2019-09-18,34.0,32.08,34.0,12.52510833589245,13815.0,NGLNMc1
2019-09-19,34.9,31.91,33.25,12.44503224485618,16600.0,NGLNMc1
2019-09-20,33.7,32.11,32.7,12.857774593100622,16415.0,NGLNMc1
2019-09-23,32.5,31.5,31.42,12.441900569829734,13765.0,NGLNMc1
2019-09-24,33.15,32.07,32.6,12.447854437506397,12880.0,NGLNMc1
2019-09-25,32.25,30.74,31.75,11.910324495854233,14170.0,NGLNMc1
2019-09-26,31.34,30.5,31.0,11.79690858839185,11320.0,NGLNMc1
2019-09-27,32.1,30.26,31.2,11.748800627836353,10460.0,NGLNMc1
2019-09-30,44.5,42.8,43.93,16.607805643702868,8360.0,NGLNMc1
2019-10-01,44.5,42.0,42.25,17.045224690347016,9715.0,NGLNMc1
2019-10-02,43.5,42.2,43.2,16.20627699866926,8115.0,NGLNMc1
2019-10-03,43.3,41.74,42.02,16.145958303476984,9100.0,NGLNMc1
2019-10-04,43.9,41.67,43.0,16.051158426314533,12530.0,NGLNMc1
2019-10-07,41.61,40.16,40.95,15.740210871122942,10090.0,NGLNMc1
2019-10-08,42.13,41.3,41.51,15.969136042583685,9890.0,NGLNMc1
2019-10-09,42.86,41.15,42.0,15.891084382570718,10930.0,NGLNMc1
2019-10-10,42.81,41.55,42.49,16.406148701675367,10055.0,NGLNMc1
2019-10-11,43.25,41.45,43.0,16.45983894632682,10540.0,NGLNMc1
2019-10-14,43.0,41.76,41.87,16.521798887637765,10755.0,NGLNMc1
2019-10-15,43.08,41.61,42.3,16.50796737980687,11820.0,NGLNMc1
2019-10-16,42.43,41.5,41.51,16.4972115876753,9590.0,NGLNMc1
2019-10-17,41.88,40.91,41.52,16.499740676288944,12645.0,NGLNMc1
2019-10-18,42.36,41.21,42.2,16.483846862524313,10985.0,NGLNMc1
2019-10-21,42.38,40.17,41.5,15.99984133483468,19250.0,NGLNMc1
2019-10-22,42.0,40.38,40.95,16.057127648684617,17075.0,NGLNMc1
2019-10-23,40.72,39.87,40.23,15.96438837137885,20465.0,NGLNMc1
2019-10-24,41.36,39.34,39.6,16.23896099907872,22565.0,NGLNMc1
2019-10-25,41.1,39.8,41.1,15.773072985976048,22490.0,NGLNMc1
2019-10-28,39.5,37.15,39.5,14.720899443818885,19335.0,NGLNMc1
2019-10-29,37.8,35.7,37.75,14.160425836830793,15535.0,NGLNMc1
2019-10-30,36.85,35.25,35.8,14.244140648991712,25775.0,NGLNMc1
2019-10-31,43.0,41.65,42.67,16.88024294537141,7600.0,NGLNMc1
2019-11-01,43.36,42.45,43.0,16.92227931893404,8655.0,NGLNMc1
2019-11-04,44.1,42.63,43.5,17.224067628894122,10530.0,NGLNMc1
2019-11-05,44.95,43.75,44.0,17.620923328897536,13935.0,NGLNMc1
2019-11-06,43.62,42.83,43.6,17.066188965093666,9800.0,NGLNMc1
2019-11-07,43.3,42.29,43.19,16.81611901593476,8870.0,NGLNMc1
2019-11-08,42.85,41.53,42.85,16.583093458900603,11245.0,NGLNMc1
2019-11-11,42.65,41.42,42.24,16.51792677517317,7585.0,NGLNMc1
2019-11-12,41.9,40.48,41.72,16.225002900330978,15350.0,NGLNMc1
2019-11-13,40.7,39.9,40.34,16.063469137066228,10575.0,NGLNMc1
2019-11-14,41.36,40.1,40.32,16.182262258163583,10880.0,NGLNMc1
2019-11-15,41.21,40.22,40.63,16.339479646500838,7760.0,NGLNMc1
2019-11-18,40.36,39.65,40.31,15.86500665370048,13150.0,NGLNMc1
2019-11-19,40.34,39.5,39.65,15.94635957279831,14785.0,NGLNMc1
2019-11-20,40.94,39.9,40.11,16.24769099532535,13860.0,NGLNMc1
2019-11-21,41.5,40.9,41.0,16.329144914184326,14090.0,NGLNMc1
2019-11-22,42.66,41.5,41.54,16.772293308765825,13330.0,NGLNMc1
2019-11-25,43.5,42.45,42.99,16.98398300747262,12895.0,NGLNMc1
2019-11-26,42.3,41.48,42.3,16.553379056198178,16840.0,NGLNMc1
2019-11-27,42.35,41.05,41.05,16.795463199918107,15565.0,NGLNMc1
2019-11-28,41.95,40.65,41.75,16.339065752209372,13360.0,NGLNMc1
2019-11-29,44.16,42.47,42.9,17.127636400859863,9385.0,NGLNMc1
2019-12-02,42.2,41.16,42.2,16.432239055515748,18190.0,NGLNMc1
2019-12-03,41.34,40.93,41.1,16.466876172927968,9325.0,NGLNMc1
2019-12-04,41.1,40.22,40.66,16.55648070426861,9460.0,NGLNMc1
2019-12-05,40.68,39.63,40.5,16.172192991435494,11220.0,NGLNMc1
2019-12-06,39.58,38.75,39.49,15.817468522878492,13235.0,NGLNMc1
2019-12-09,38.52,37.78,38.35,15.514717985464223,10960.0,NGLNMc1
2019-12-10,37.6,36.71,37.5,15.156811683215615,10830.0,NGLNMc1
2019-12-11,37.7,35.63,37.65,14.559934486641417,12515.0,NGLNMc1
2019-12-12,38.31,35.27,35.27,15.391605418500701,14150.0,NGLNMc1
2019-12-13,37.65,34.73,37.59,14.385054423857785,11520.0,NGLNMc1
2019-12-16,36.28,34.77,34.88,14.472210052205957,14050.0,NGLNMc1
2019-12-17,37.82,36.0,36.16,15.088336574879722,15875.0,NGLNMc1
2019-12-18,40.48,37.1,37.6,15.579883645545436,13440.0,NGLNMc1
2019-12-19,40.1,37.5,39.85,15.593596069198485,16635.0,NGLNMc1
2019-12-20,37.5,35.91,37.5,14.864719009110452,11305.0,NGLNMc1
2019-12-23,35.66,34.0,35.05,13.61021598935408,14035.0,NGLNMc1
2019-12-24,33.6,32.75,33.0,13.191720749309038,6325.0,NGLNMc1
2019-12-27,34.18,32.9,33.5,13.225095369706896,7915.0,NGLNMc1
2019-12-30,33.1,31.75,32.75,12.718834408161875,10275.0,NGLNMc1
2019-12-31,32.93,30.91,32.93,12.535287815197734,4490.0,NGLNMc1
2020-01-02,32.52,30.87,32.29,12.454563414883816,9540.0,NGLNMc1
2020-01-03,33.58,31.05,31.44,13.218070085645067,9875.0,NGLNMc1
2020-01-06,34.42,30.91,34.4,12.514769167775617,14510.0,NGLNMc1
2020-01-07,30.84,29.93,30.83,12.139543453782373,10255.0,NGLNMc1
2020-01-08,30.63,29.88,30.15,12.256961817995702,10650.0,NGLNMc1
2020-01-09,31.32,29.81,30.3,12.453504623468797,10150.0,NGLNMc1
2020-01-10,31.5,30.28,31.25,12.203065820452453,10815.0,NGLNMc1
2020-01-13,31.86,31.06,31.5,12.472051728256046,11835.0,NGLNMc1
2020-01-14,31.05,29.11,31.05,11.645316136076707,15970.0,NGLNMc1
2020-01-15,29.55,28.65,28.9,11.587487630941416,10605.0,NGLNMc1
2020-01-16,29.7,28.61,29.5,11.550887501279558,10515.0,NGLNMc1
2020-01-17,28.8,28.15,28.25,11.32902310028321,16075.0,NGLNMc1
2020-01-20,27.93,27.11,27.58,10.942053093117686,11045.0,NGLNMc1
2020-01-21,28.43,27.2,27.2,11.184853447981713,13210.0,NGLNMc1
2020-01-22,27.76,26.69,27.6,10.83578837820316,18885.0,NGLNMc1
2020-01-23,26.9,26.31,26.85,10.841543999727028,16130.0,NGLNMc1
2020-01-24,27.54,26.72,26.72,10.97218548469649,10230.0,NGLNMc1
2020-01-27,27.6,27.15,27.26,11.042847101375099,12535.0,NGLNMc1
2020-01-28,28.4,27.47,27.49,11.345488791073807,15845.0,NGLNMc1
2020-01-29,27.81,26.42,27.81,10.755149964172382,9875.0,NGLNMc1
2020-01-30,26.15,25.21,26.0,10.258951786262669,10500.0,NGLNMc1
2020-01-31,24.81,23.86,24.33,9.817375371071757,7580.0,NGLNMc1
2020-02-03,24.2,22.7,25.32,9.150851673661583,10585.0,NGLNMc1
2020-02-04,23.35,22.35,22.64,9.267067935987988,10625.0,NGLNMc1
2020-02-05,23.11,22.39,22.73,9.190807998089193,12815.0,NGLNMc1
2020-02-06,22.82,21.8,22.65,8.99607602279319,8730.0,NGLNMc1
2020-02-07,22.61,22.03,22.07,8.887641177875594,10305.0,NGLNMc1
2020-02-10,21.76,20.74,21.76,8.422437642883953,12385.0,NGLNMc1
2020-02-11,21.01,20.32,20.62,8.306864571604052,12800.0,NGLNMc1
2020-02-12,21.41,20.49,20.49,8.412394308526974,9465.0,NGLNMc1
2020-02-13,20.91,19.89,20.7,8.519628416419286,11700.0,NGLNMc1
2020-02-14,21.35,20.19,20.54,8.571910465076602,14365.0,NGLNMc1
2020-02-17,22.65,20.46,21.83,9.075112430477361,16530.0,NGLNMc1
2020-02-18,23.05,21.84,22.59,9.175971269662538,15490.0,NGLNMc1
2020-02-19,23.38,21.7,22.25,9.397760262053435,15145.0,NGLNMc1
2020-02-20,23.86,22.74,23.06,9.428284710137511,14210.0,NGLNMc1
2020-02-21,24.05,22.5,24.05,9.347249462585731,14090.0,NGLNMc1
2020-02-24,23.17,22.4,23.04,9.17391954140649,19190.0,NGLNMc1
2020-02-25,22.8,22.2,22.62,9.189970314259392,20325.0,NGLNMc1
2020-02-26,23.2,22.01,22.27,9.330381137612173,16640.0,NGLNMc1
2020-02-27,23.48,22.59,22.65,9.164332412051728,33170.0,NGLNMc1
2020-02-28,22.08,20.77,21.0,8.608325655986624,10395.0,NGLNMc1
2020-03-02,22.74,21.75,22.57,8.745206264714914,11245.0,NGLNMc1
2020-03-03,23.58,22.25,22.25,9.075128808817006,11165.0,NGLNMc1
2020-03-04,22.88,22.0,22.74,8.829331900228615,13340.0,NGLNMc1
2020-03-05,22.6,21.86,22.6,8.789917084655544,10260.0,NGLNMc1
2020-03-06,22.27,21.69,22.15,8.619369092708226,10185.0,NGLNMc1
2020-03-09,21.9,20.55,21.5,8.456343535674073,11595.0,NGLNMc1
2020-03-10,23.35,21.97,21.98,8.982748490121814,13190.0,NGLNMc1
2020-03-11,24.4,22.85,23.4,9.382569352031938,19220.0,NGLNMc1
2020-03-12,24.5,23.05,23.12,9.214492783294094,16215.0,NGLNMc1
2020-03-13,25.19,23.7,24.2,9.04231002832088,13545.0,NGLNMc1
2020-03-16,23.9,22.75,23.03,8.597192820827788,12655.0,NGLNMc1
2020-03-17,23.15,22.14,23.15,8.360489985327739,11225.0,NGLNMc1
2020-03-18,22.47,21.8,21.99,8.041478145153034,11965.0,NGLNMc1
2020-03-19,23.43,22.4,22.4,8.486547241273417,11565.0,NGLNMc1
2020-03-20,23.39,22.0,23.16,8.273125191933667,15800.0,NGLNMc1
2020-03-23,22.1,21.5,21.6,7.94068584297267,13020.0,NGLNMc1
2020-03-24,22.27,21.24,21.8,8.029119664244039,11230.0,NGLNMc1
2020-03-25,21.75,20.4,21.75,7.691520797079196,9820.0,NGLNMc1
2020-03-26,20.36,19.3,20.25,7.49175452963456,8430.0,NGLNMc1
2020-03-27,18.9,18.27,18.81,7.034540553451394,8425.0,NGLNMc1
2020-03-30,17.98,16.8,17.7,6.516463643498141,8960.0,NGLNMc1
2020-03-31,17.34,16.24,16.71,6.273011225986965,7530.0,NGLNMc1
2020-04-01,16.35,15.99,16.0,6.176387893677279,6840.0,NGLNMc1
2020-04-02,17.7,15.99,17.0,6.339906506977855,7785.0,NGLNMc1
2020-04-03,16.56,15.93,16.0,6.287207834305796,7815.0,NGLNMc1
2020-04-06,17.25,15.95,16.14,6.56441805711946,10005.0,NGLNMc1
2020-04-07,18.05,16.93,16.96,6.597832599720204,10285.0,NGLNMc1
2020-04-08,17.57,16.83,17.57,6.566215921110999,10125.0,NGLNMc1
2020-04-09,17.46,16.58,17.0,6.555420206776537,11320.0,NGLNMc1
2020-04-13,,,,6.58936226840004,,NGLNMc1
2020-04-14,16.78,15.4,16.5,6.085776094448426,11270.0,NGLNMc1
2020-04-15,15.65,14.62,15.47,5.74637322141468,10350.0,NGLNMc1
2020-04-16,15.79,14.79,14.87,5.959777527553144,11535.0,NGLNMc1
2020-04-17,16.0,15.0,16.0,6.021987920974512,10510.0,NGLNMc1
2020-04-20,15.0,13.46,14.6,5.390602927628213,14105.0,NGLNMc1
2020-04-21,14.48,12.72,14.0,5.403719247961238,14865.0,NGLNMc1
2020-04-22,15.16,13.36,13.86,5.609615109018324,15000.0,NGLNMc1
2020-04-23,14.35,13.57,14.18,5.399358515030539,9915.0,NGLNMc1
2020-04-24,13.6,12.72,13.55,4.974340601221551,9830.0,NGLNMc1
2020-04-27,13.55,12.7,12.75,5.145793837649709,6000.0,NGLNMc1
2020-04-28,14.01,13.0,13.06,5.41836626062033,9365.0,NGLNMc1
2020-04-29,14.2,13.15,13.8,5.179082130549016,7565.0,NGLNMc1
2020-04-30,14.4,13.75,14.02,5.440190056982972,4290.0,NGLNMc1
2020-05-01,15.09,13.14,15.09,5.156665643020438,7275.0,NGLNMc1
2020-05-04,14.16,13.3,13.8,5.3742467669839975,6685.0,NGLNMc1
2020-05-05,14.05,13.43,13.96,5.31877367181902,6110.0,NGLNMc1
2020-05-06,14.0,13.41,13.66,5.33469102944689,5780.0,NGLNMc1
2020-05-07,14.33,13.65,14.13,5.442788412324701,7850.0,NGLNMc1
2020-05-08,,,,5.460915139727711,,NGLNMc1
2020-05-11,13.82,13.04,13.53,5.174606408025387,9730.0,NGLNMc1
2020-05-12,13.12,12.1,13.01,4.70399563244276,8105.0,NGLNMc1
2020-05-13,12.7,11.9,12.69,4.6323758828948725,9705.0,NGLNMc1
2020-05-14,12.6,12.19,12.2,4.837648002183778,9140.0,NGLNMc1
2020-05-15,12.98,12.25,12.71,4.807114341283652,8555.0,NGLNMc1
2020-05-18,12.95,11.25,12.51,4.3949100897396525,9395.0,NGLNMc1
2020-05-19,11.64,11.1,11.41,4.2740771829255815,10845.0,NGLNMc1
2020-05-20,11.68,10.45,11.25,4.101306855017572,10205.0,NGLNMc1
2020-05-21,10.37,9.0,10.35,3.5302989046985362,9930.0,NGLNMc1
2020-05-22,10.17,8.09,9.15,3.6016883338451566,9925.0,NGLNMc1
2020-05-25,,,,3.609112498720443,,NGLNMc1
2020-05-26,12.04,9.6,10.76,3.7622056164056374,16235.0,NGLNMc1
2020-05-27,9.71,8.75,9.1,3.3751090183232675,10215.0,NGLNMc1
2020-05-28,9.26,8.27,9.0,3.1644590029685746,8145.0,NGLNMc1
2020-05-29,10.0,8.75,8.75,3.652939911966425,7295.0,NGLNMc1
2020-06-01,9.37,8.38,9.3,3.3654959565974,6785.0,NGLNMc1
2020-06-02,11.13,9.48,9.5,4.181664107551097,10830.0,NGLNMc1
2020-06-03,12.79,10.59,10.87,4.63994267581124,15545.0,NGLNMc1
2020-06-04,13.12,11.23,12.49,4.847255945678507,13535.0,NGLNMc1
2020-06-05,14.35,12.21,12.75,5.31627699866926,14295.0,NGLNMc1
2020-06-08,14.0,12.35,12.94,4.903807281536834,10830.0,NGLNMc1
2020-06-09,12.75,11.51,12.36,4.456300542532501,8690.0,NGLNMc1
2020-06-10,12.12,11.3,11.56,4.534455932029891,10505.0,NGLNMc1
2020-06-11,12.95,11.64,12.0,4.836019039819838,7590.0,NGLNMc1
2020-06-12,14.15,12.54,12.54,5.305438291193231,11650.0,NGLNMc1
2020-06-15,14.99,13.49,13.65,5.444473334015765,14355.0,NGLNMc1
2020-06-16,14.54,13.11,14.45,5.03167263793633,17370.0,NGLNMc1
2020-06-17,13.82,12.65,13.1,5.081189476916778,9680.0,NGLNMc1
2020-06-18,14.14,13.54,13.8,5.306669055174532,9320.0,NGLNMc1
2020-06-19,14.68,13.99,14.12,5.43794451837445,10245.0,NGLNMc1
2020-06-22,14.53,13.7,14.53,5.22205548162555,14040.0,NGLNMc1
2020-06-23,15.3,14.12,14.15,5.664858224997441,8720.0,NGLNMc1
2020-06-24,15.55,14.28,15.22,5.512916368103183,11465.0,NGLNMc1
2020-06-25,14.48,13.5,14.4,5.147467840447675,4710.0,NGLNMc1
2020-06-26,14.18,13.33,13.45,5.2208905722182415,7595.0,NGLNMc1
2020-06-29,16.15,13.99,13.99,5.960890913433652,17700.0,NGLNMc1
2020-06-30,17.4,15.9,16.8,6.107889582693554,10410.0,NGLNMc1
2020-07-01,16.5,15.34,15.91,5.945353669771728,6750.0,NGLNMc1
2020-07-02,15.55,14.82,15.49,5.815080356228887,5225.0,NGLNMc1
2020-07-03,15.3,14.79,15.11,5.720836660183574,9520.0,NGLNMc1
2020-07-06,15.8,15.15,15.3,5.739247278807112,7045.0,NGLNMc1
2020-07-07,16.0,15.15,15.3,5.894161463131675,9055.0,NGLNMc1
2020-07-08,15.68,14.86,15.6,5.7226611389770365,6535.0,NGLNMc1
2020-07-09,15.06,14.45,15.06,5.529811649094073,5630.0,NGLNMc1
2020-07-10,14.45,13.27,14.45,5.206886068174839,8665.0,NGLNMc1
2020-07-13,13.92,12.26,13.52,4.674551472344492,14250.0,NGLNMc1
2020-07-14,13.26,12.37,12.69,4.858401064592077,12110.0,NGLNMc1
2020-07-15,14.27,13.17,13.17,5.119016958405842,15470.0,NGLNMc1
2020-07-16,13.3,12.76,13.21,4.8862647149145255,6675.0,NGLNMc1
2020-07-17,13.68,13.0,13.01,5.0347323165114135,8945.0,NGLNMc1
2020-07-20,13.21,12.12,13.21,4.607028355000512,10430.0,NGLNMc1
2020-07-21,13.17,12.62,12.95,4.7883137134473,8235.0,NGLNMc1
2020-07-22,13.28,12.57,12.59,4.89992834476405,7485.0,NGLNMc1
2020-07-23,13.92,13.3,13.38,5.135104241307538,7505.0,NGLNMc1
2020-07-24,14.0,13.33,14.0,5.085062954243014,7520.0,NGLNMc1
2020-07-27,13.66,12.8,13.6,4.827539154468217,6505.0,NGLNMc1
2020-07-28,13.3,12.84,13.14,4.966446582727676,5505.0,NGLNMc1
2020-07-29,13.96,13.33,13.33,5.158517760262055,6250.0,NGLNMc1
2020-07-30,14.18,13.2,13.6,5.075458422902378,7010.0,NGLNMc1
2020-07-31,16.1,15.48,16.09,5.930039922202887,3440.0,NGLNMc1
2020-08-03,18.76,14.56,15.17,6.897514928174156,10195.0,NGLNMc1
2020-08-04,20.14,18.45,18.45,7.471135223666701,14285.0,NGLNMc1
2020-08-05,20.32,19.42,19.55,7.523369843382127,15430.0,NGLNMc1
2020-08-06,21.7,20.11,20.23,8.157485583648958,11200.0,NGLNMc1
2020-08-07,22.78,20.58,20.9,8.24196949534241,14835.0,NGLNMc1
2020-08-10,22.97,20.71,22.25,7.940816187259016,10850.0,NGLNMc1
2020-08-11,22.29,20.45,20.72,7.7985897567134135,12230.0,NGLNMc1
2020-08-12,20.98,19.66,20.0,7.602917391749411,10215.0,NGLNMc1
2020-08-13,20.97,20.17,20.5,7.6639809601801625,6200.0,NGLNMc1
2020-08-14,22.9,20.37,20.7,8.297214999829393,9140.0,NGLNMc1
2020-08-17,23.6,22.21,22.7,8.465188521513632,10685.0,NGLNMc1
2020-08-18,24.23,22.3,22.42,8.896369468045178,8525.0,NGLNMc1
2020-08-19,24.9,22.69,24.12,8.677632647490361,10955.0,NGLNMc1
2020-08-20,23.2,22.34,22.89,8.582202886682362,10745.0,NGLNMc1
2020-08-21,22.12,20.59,22.1,7.9683590950967345,8620.0,NGLNMc1
2020-08-24,23.52,21.5,21.6,8.778708158460436,10735.0,NGLNMc1
2020-08-25,24.79,22.93,23.4,9.329412768280616,8725.0,NGLNMc1
2020-08-26,26.27,24.65,24.65,9.560558910840415,12015.0,NGLNMc1
2020-08-27,25.83,24.2,25.3,9.267266864571605,11760.0,NGLNMc1
2020-08-28,29.33,27.2,27.35,11.07838570989866,12730.0,NGLNMc1
2020-08-31,,,,11.060604974920668,,NGLNMc1
2020-09-01,30.51,29.0,29.25,11.15848568601358,7445.0,NGLNMc1
2020-09-02,29.3,27.76,29.02,10.947998771624526,11515.0,NGLNMc1
2020-09-03,30.68,28.85,29.0,11.541568908451907,10565.0,NGLNMc1
2020-09-04,31.39,30.18,30.49,11.600889548572013,9640.0,NGLNMc1
2020-09-07,30.52,29.05,30.52,11.124937045756985,6530.0,NGLNMc1
2020-09-08,29.92,27.96,29.5,10.580304705360494,7345.0,NGLNMc1
2020-09-09,28.83,27.5,27.5,10.534084689664585,8360.0,NGLNMc1
2020-09-10,28.36,27.16,28.36,10.24088101818678,12825.0,NGLNMc1
2020-09-11,28.0,27.41,27.5,10.235385402804793,6530.0,NGLNMc1
2020-09-14,28.65,27.85,27.85,10.4806612754632,7250.0,NGLNMc1
2020-09-15,29.45,28.67,28.95,10.7489603166479,8345.0,NGLNMc1
2020-09-16,30.25,29.45,29.45,11.134107209881599,7145.0,NGLNMc1
2020-09-17,30.4,29.0,29.8,10.884620739072577,7260.0,NGLNMc1
2020-09-18,30.54,28.84,29.4,11.303032040126933,6545.0,NGLNMc1
2020-09-21,31.65,30.24,30.49,11.310564029071552,12315.0,NGLNMc1
2020-09-22,31.54,29.74,30.21,11.571599617838741,14825.0,NGLNMc1
2020-09-23,32.43,31.45,31.45,12.01302419217252,9750.0,NGLNMc1
2020-09-24,32.53,31.2,32.13,11.70149622956973,14135.0,NGLNMc1
2020-09-25,32.24,30.63,31.0,11.930182891459378,13140.0,NGLNMc1
2020-09-28,34.16,32.59,32.99,12.768963046371177,15535.0,NGLNMc1
2020-09-29,35.5,33.51,34.0,12.80176271880438,20545.0,NGLNMc1
2020-09-30,38.05,36.32,37.63,13.91271709830416,10075.0,NGLNMc1
2020-10-01,39.03,36.31,39.0,13.742293991196643,8760.0,NGLNMc1
2020-10-02,36.5,35.24,36.05,13.652966867983757,9965.0,NGLNMc1
2020-10-05,37.75,36.88,37.2,14.136863547957825,7810.0,NGLNMc1
2020-10-06,37.46,36.84,37.0,13.952067765380285,9510.0,NGLNMc1
2020-10-07,38.75,36.99,36.99,14.46055140410141,8560.0,NGLNMc1
2020-10-08,39.35,38.32,38.6,14.521578462483365,12025.0,NGLNMc1
2020-10-09,39.0,38.01,39.0,14.402849148667555,12020.0,NGLNMc1
2020-10-12,38.82,37.12,37.59,14.531583580714507,8545.0,NGLNMc1
2020-10-13,38.6,37.5,38.6,14.214486641416725,10965.0,NGLNMc1
2020-10-14,39.33,37.98,38.07,14.680133756440442,16835.0,NGLNMc1
2020-10-15,40.2,38.98,39.47,15.039744088443037,10470.0,NGLNMc1
2020-10-16,41.31,39.75,39.77,15.392836523697412,8060.0,NGLNMc1
2020-10-19,42.17,40.7,40.75,15.541775002559115,12580.0,NGLNMc1
2020-10-20,42.3,40.54,41.51,15.714914525539974,10815.0,NGLNMc1
2020-10-21,41.96,41.2,41.7,15.736074657931553,12510.0,NGLNMc1
2020-10-22,43.56,41.28,41.64,16.320870099293682,11070.0,NGLNMc1
2020-10-23,44.5,42.98,43.0,16.357313952298085,16180.0,NGLNMc1
2020-10-26,43.9,41.6,43.9,15.875217524823425,17135.0,NGLNMc1
2020-10-27,42.65,40.9,41.88,15.896323062749513,16035.0,NGLNMc1
2020-10-28,42.15,41.25,42.0,15.646821578462482,21240.0,NGLNMc1
2020-10-29,41.3,40.15,41.3,15.452748490121813,17155.0,NGLNMc1
2020-10-30,42.75,41.05,42.75,15.730832224383255,6485.0,NGLNMc1
2020-11-02,40.4,39.41,40.26,15.13768041764766,9965.0,NGLNMc1
2020-11-03,40.44,39.17,40.09,14.940040263418297,11885.0,NGLNMc1
2020-11-04,40.24,39.06,39.82,15.041621455624936,8865.0,NGLNMc1
2020-11-05,41.77,40.29,40.32,15.692847783805915,10100.0,NGLNMc1
2020-11-06,40.87,39.84,40.87,15.115105606169175,6770.0,NGLNMc1
2020-11-09,40.72,39.21,39.75,15.100837342614394,9045.0,NGLNMc1
2020-11-10,40.0,38.88,40.0,15.149996929061317,11290.0,NGLNMc1
2020-11-11,40.5,39.5,39.55,15.242610980311872,15150.0,NGLNMc1
2020-11-12,40.14,39.29,39.86,15.028225338656293,6820.0,NGLNMc1
2020-11-13,40.57,39.85,39.85,15.309937557580103,6485.0,NGLNMc1
2020-11-16,41.65,40.5,40.7,15.647055993448664,9790.0,NGLNMc1
2020-11-17,40.58,39.12,40.56,14.9984495171802,12685.0,NGLNMc1
2020-11-18,39.5,37.94,38.96,14.668440986794964,15695.0,NGLNMc1
2020-11-19,38.51,36.62,38.5,14.034824444671923,12860.0,NGLNMc1
2020-11-20,36.85,35.47,36.85,13.825703756781659,13885.0,NGLNMc1
2020-11-23,38.62,37.5,35.12,14.574147132084484,13575.0,NGLNMc1
2020-11-24,39.28,37.49,37.5,14.951546047019486,13645.0,NGLNMc1
2020-11-25,40.44,39.02,39.48,15.118710205752894,17650.0,NGLNMc1
2020-11-26,40.35,39.0,39.49,15.153396116968644,16245.0,NGLNMc1
2020-11-27,42.1,40.8,40.8,15.824661684921692,18240.0,NGLNMc1
2020-11-30,44.18,43.16,43.2,16.63831917289385,12790.0,NGLNMc1
2020-12-01,44.89,42.7,44.0,16.40977991606101,25350.0,NGLNMc1
2020-12-02,44.09,41.94,42.4,16.41536083529532,17495.0,NGLNMc1
2020-12-03,43.43,40.8,43.43,15.573535332855633,10250.0,NGLNMc1
2020-12-04,42.93,41.19,41.19,16.107371276486845,9750.0,NGLNMc1
2020-12-07,42.36,40.83,41.5,15.870097587607056,11755.0,NGLNMc1
2020-12-08,42.75,41.3,41.7,15.866475586037465,8710.0,NGLNMc1
2020-12-09,42.76,41.2,41.4,16.018900603951277,12560.0,NGLNMc1
2020-12-10,45.49,43.25,43.25,16.870974511208928,12870.0,NGLNMc1
2020-12-11,46.55,44.6,45.55,17.267181901934695,8960.0,NGLNMc1
2020-12-14,49.3,46.42,47.2,18.038890026273588,12815.0,NGLNMc1
2020-12-15,50.0,48.3,49.0,18.721368615006654,11630.0,NGLNMc1
2020-12-16,49.71,46.58,49.71,17.835640631930936,10405.0,NGLNMc1
2020-12-17,47.61,45.5,47.2,17.249163339816427,10845.0,NGLNMc1
2020-12-18,46.4,45.05,45.07,17.284042378953835,9395.0,NGLNMc1
2020-12-21,49.38,46.0,46.0,18.413965946702152,8440.0,NGLNMc1
2020-12-22,52.18,49.88,50.25,19.339666291329717,15825.0,NGLNMc1
2020-12-23,52.72,50.3,51.83,19.236340123519977,18355.0,NGLNMc1
2020-12-24,51.45,49.68,49.75,19.36885556351725,9350.0,NGLNMc1
2020-12-29,56.24,54.29,54.29,20.872835841266593,14755.0,NGLNMc1
2020-12-30,57.1,55.41,56.45,21.096063056607637,20770.0,NGLNMc1
2020-12-31,57.3,56.0,56.48,21.530801514996416,3325.0,NGLNMc1
2021-01-04,61.07,56.5,56.5,22.472006687822024,16590.0,NGLNMc1
2021-01-05,57.05,53.75,56.7,20.42500494762344,13720.0,NGLNMc1
2021-01-06,55.54,51.96,54.02,19.94455420206777,10585.0,NGLNMc1
2021-01-07,58.52,54.48,54.5,21.90262258163579,11180.0,NGLNMc1
2021-01-08,61.76,59.64,61.0,22.982141467908686,14555.0,NGLNMc1
2021-01-11,68.04,63.28,63.76,25.1540485208312,17165.0,NGLNMc1
2021-01-12,83.5,67.0,67.0,29.56960999078719,22195.0,NGLNMc1
2021-01-13,75.0,63.23,75.0,24.937201351213023,15160.0,NGLNMc1
2021-01-14,69.08,59.87,68.0,24.2627699866926,14730.0,NGLNMc1
2021-01-15,60.64,58.44,60.0,22.774425905073876,12360.0,NGLNMc1
2021-01-18,56.86,54.47,55.71,21.05521820725424,7860.0,NGLNMc1
2021-01-19,58.35,55.48,55.5,22.146447947589316,10150.0,NGLNMc1
2021-01-20,61.06,56.48,59.95,22.100298222267714,10850.0,NGLNMc1
2021-01-21,58.51,55.46,55.51,21.78293411130447,8250.0,NGLNMc1
2021-01-22,60.4,57.99,57.99,23.056781656259595,11865.0,NGLNMc1
2021-01-25,62.5,55.55,62.5,21.732782270447334,13665.0,NGLNMc1
2021-01-26,55.94,53.18,54.5,20.848445763810695,12210.0,NGLNMc1
2021-01-27,54.3,52.18,53.15,20.855665881871225,38605.0,NGLNMc1
2021-01-28,58.65,56.0,56.7,22.491565837513225,13115.0,NGLNMc1
2021-01-29,56.93,52.0,56.24,20.480531954823082,6495.0,NGLNMc1
2021-02-01,51.12,47.42,51.0,18.644504043402602,9140.0,NGLNMc1
2021-02-02,49.44,47.96,48.0,18.830635684307506,6390.0,NGLNMc1
2021-02-03,47.49,45.74,47.49,18.267036885385743,8290.0,NGLNMc1
2021-02-04,48.55,46.78,47.0,18.571911147507425,5570.0,NGLNMc1
2021-02-05,49.9,47.71,48.35,18.739078377179514,6930.0,NGLNMc1
2021-02-08,55.0,51.75,51.75,20.646338076227522,7810.0,NGLNMc1
2021-02-09,50.68,48.75,49.53,19.342555362200155,9410.0,NGLNMc1
2021-02-10,49.82,47.11,49.7,18.655915651550824,8225.0,NGLNMc1
2021-02-11,47.01,44.3,47.0,17.262920462688097,11800.0,NGLNMc1
2021-02-12,45.44,43.4,43.75,17.47814003480397,7490.0,NGLNMc1
2021-02-15,43.93,41.48,43.93,16.261983826389603,6310.0,NGLNMc1
2021-02-16,43.67,41.18,41.6,16.646882314805342,8765.0,NGLNMc1
2021-02-17,43.89,41.51,43.5,16.423268161190162,8110.0,NGLNMc1
2021-02-18,44.74,42.25,42.49,17.371358378544375,7370.0,NGLNMc1
2021-02-19,45.15,41.95,44.49,16.6090080868052,7825.0,NGLNMc1
2021-02-22,41.5,39.76,41.32,15.796463302282733,13685.0,NGLNMc1
2021-02-23,41.18,40.15,40.25,16.111665472412735,10055.0,NGLNMc1
2021-02-24,41.3,40.2,40.6,16.3247428941891,25200.0,NGLNMc1
2021-02-25,41.58,40.05,41.18,15.823451735080356,26155.0,NGLNMc1
2021-02-26,40.3,39.1,40.2,15.647447708738529,5560.0,NGLNMc1
2021-03-01,41.5,40.16,40.2,16.13091616337394,6515.0,NGLNMc1
2021-03-02,41.22,40.08,41.19,15.95408673695704,11275.0,NGLNMc1
2021-03-03,40.08,38.6,40.06,15.308463507011977,7810.0,NGLNMc1
2021-03-04,40.03,38.96,39.01,15.773261678097382,6065.0,NGLNMc1
2021-03-05,42.09,38.96,39.94,16.33700992936841,9935.0,NGLNMc1
2021-03-08,42.1,40.32,42.09,16.078943597092845,7365.0,NGLNMc1
2021-03-09,42.98,41.35,41.4,17.03492680929471,5035.0,NGLNMc1
2021-03-10,45.22,43.5,43.5,17.88737912444126,12080.0,NGLNMc1
2021-03-11,46.87,44.14,45.12,18.55125942607568,10060.0,NGLNMc1
2021-03-12,47.76,45.38,46.0,18.86742075272119,7480.0,NGLNMc1
2021-03-15,48.48,44.94,46.5,17.99577063500188,11615.0,NGLNMc1
2021-03-16,45.25,43.1,44.7,17.536129593612447,9855.0,NGLNMc1
2021-03-17,45.59,42.94,44.2,17.963501893745523,6980.0,NGLNMc1
2021-03-18,46.49,43.6,46.3,17.74355375848773,6400.0,NGLNMc1
2021-03-19,43.85,42.86,43.25,17.124113692974376,7000.0,NGLNMc1
2021-03-22,46.0,42.81,43.59,18.126912000545943,7080.0,NGLNMc1
2021-03-23,46.76,44.72,45.5,18.47403930801515,9425.0,NGLNMc1
2021-03-24,48.27,46.07,47.09,18.755273484150546,10020.0,NGLNMc1
2021-03-25,48.06,47.0,47.15,18.81809806530863,10830.0,NGLNMc1
2021-03-26,48.94,47.4,47.42,19.30184256321016,12985.0,NGLNMc1
2021-03-29,47.72,46.43,47.3,18.76343535674071,14670.0,NGLNMc1
2021-03-30,48.8,46.68,46.75,19.283618248200092,7840.0,NGLNMc1
2021-03-31,47.69,46.24,46.6,18.75704780427884,4760.0,NGLNMc1
2021-04-01,47.8,46.27,47.12,18.918150612481664,4990.0,NGLNMc1
2021-04-06,49.18,48.35,48.48,19.442963114614255,4280.0,NGLNMc1
2021-04-07,49.07,47.58,48.7,18.935583990172997,7125.0,NGLNMc1
2021-04-08,48.48,47.14,48.0,18.559825297710447,4440.0,NGLNMc1
2021-04-09,48.21,46.62,48.0,18.41493909304944,4955.0,NGLNMc1
2021-04-12,49.51,47.84,48.3,19.336079434947283,8335.0,NGLNMc1
2021-04-13,49.8,48.24,48.84,19.078820759545504,8095.0,NGLNMc1
2021-04-14,49.52,48.64,49.1,19.180400586890503,6315.0,NGLNMc1
2021-04-15,50.65,49.3,49.7,19.802150680724743,5140.0,NGLNMc1
2021-04-16,52.4,50.64,51.0,20.153173303306378,7915.0,NGLNMc1
2021-04-19,53.1,51.85,52.0,20.800753403623705,6600.0,NGLNMc1
2021-04-20,53.64,51.52,52.0,20.868829289930733,9315.0,NGLNMc1
2021-04-21,53.29,52.2,52.82,20.847201692428435,5295.0,NGLNMc1
2021-04-22,54.71,53.0,53.25,21.163945814993003,7705.0,NGLNMc1
2021-04-23,52.55,49.4,52.15,19.855684989934144,25590.0,NGLNMc1
2021-04-26,52.33,51.25,51.25,20.261656259596684,9785.0,NGLNMc1
2021-04-27,55.79,51.3,51.5,21.512744395536906,8450.0,NGLNMc1
2021-04-28,56.9,54.7,55.5,21.560894666803154,10725.0,NGLNMc1
2021-04-29,58.11,55.5,55.5,22.717879346231275,6495.0,NGLNMc1
2021-04-30,60.6,58.57,59.24,23.611317432695262,6675.0,NGLNMc1
2021-05-04,62.72,59.1,61.25,23.488958951786262,7350.0,NGLNMc1
2021-05-05,61.79,59.5,59.5,24.38357389019688,6485.0,NGLNMc1
2021-05-06,63.74,61.36,61.36,24.44162657385608,6095.0,NGLNMc1
2021-05-07,62.69,60.7,62.69,24.026512437301665,6655.0,NGLNMc1
2021-05-10,64.2,62.99,63.0,25.432485413041253,5680.0,NGLNMc1
2021-05-11,65.99,62.15,61.26,26.058128092264646,6610.0,NGLNMc1
2021-05-12,67.04,65.09,66.3,26.510829494659983,6325.0,NGLNMc1
2021-05-13,67.25,63.9,64.35,26.551532398403115,6565.0,NGLNMc1
2021-05-14,68.91,67.3,68.0,27.214852424335483,5395.0,NGLNMc1
2021-05-17,68.45,65.34,68.45,26.68370559934487,5905.0,NGLNMc1
2021-05-18,65.78,62.39,65.02,25.02812297403351,8615.0,NGLNMc1
2021-05-19,61.72,57.25,60.0,22.83237554167946,8020.0,NGLNMc1
2021-05-20,62.6,58.6,58.6,24.738423584809087,10705.0,NGLNMc1
2021-05-21,64.68,61.71,63.16,24.86736411096325,11200.0,NGLNMc1
2021-05-24,63.12,61.52,62.75,24.666903128945307,14575.0,NGLNMc1
2021-05-25,66.83,63.29,63.3,26.059254785546116,7160.0,NGLNMc1
2021-05-26,67.97,65.54,67.0,26.210491008973964,6520.0,NGLNMc1
2021-05-27,65.61,62.0,64.0,24.9789565632784,9045.0,NGLNMc1
2021-05-28,61.76,59.82,60.51,24.096422015218206,5160.0,NGLNMc1
2021-06-01,64.69,63.17,63.36,25.20162896236394,4040.0,NGLNMc1
2021-06-02,63.78,61.61,63.0,24.79170948920053,4070.0,NGLNMc1
2021-06-03,64.16,62.46,63.57,24.87138635820794,2875.0,NGLNMc1
2021-06-04,63.74,61.55,63.05,24.898268673013277,3595.0,NGLNMc1
2021-06-07,65.25,62.27,62.6,25.57592042856656,3995.0,NGLNMc1
2021-06-08,68.1,66.65,66.66,26.874568533114957,4180.0,NGLNMc1
2021-06-09,69.55,67.75,68.0,27.399659125806124,6310.0,NGLNMc1
2021-06-10,70.61,66.6,68.92,27.91344047497185,5035.0,NGLNMc1
2021-06-11,70.0,67.21,68.75,26.865158494557612,4925.0,NGLNMc1
2021-06-14,71.5,69.25,69.32,27.895978093970726,5200.0,NGLNMc1
2021-06-15,70.25,68.2,69.3,27.287625481966767,3385.0,NGLNMc1
2021-06-16,70.41,67.59,68.97,27.208071791722112,6535.0,NGLNMc1
2021-06-17,70.06,67.13,67.65,27.470209847476713,6570.0,NGLNMc1
2021-06-18,72.96,70.17,70.99,28.531512266693962,6205.0,NGLNMc1
2021-06-21,74.3,71.55,73.9,28.9298638550517,6780.0,NGLNMc1
2021-06-22,75.59,73.0,73.0,29.87310028320879,7310.0,NGLNMc1
2021-06-23,77.34,74.2,75.68,30.70279796635616,8295.0,NGLNMc1
2021-06-24,78.92,76.75,76.75,31.368568942573454,7045.0,NGLNMc1
2021-06-25,80.01,78.45,78.8,31.67998225679872,5880.0,NGLNMc1
2021-06-28,80.15,78.63,79.32,31.60424471969154,9595.0,NGLNMc1
2021-06-29,83.85,80.0,80.1,32.84537243661924,5285.0,NGLNMc1
2021-06-30,86.9,83.14,83.41,34.172785000170606,3250.0,NGLNMc1
2021-07-01,91.9,88.0,88.0,35.51472412734159,5810.0,NGLNMc1
2021-07-02,91.66,86.0,88.62,35.33989490565394,4995.0,NGLNMc1
2021-07-05,94.68,89.5,89.5,37.12005322960385,4775.0,NGLNMc1
2021-07-06,94.58,80.61,94.58,33.262642372129534,8285.0,NGLNMc1
2021-07-07,89.2,79.0,81.5,31.630361347118438,5835.0,NGLNMc1
2021-07-08,83.93,76.69,79.63,32.616692257822365,6890.0,NGLNMc1
2021-07-09,90.66,85.6,85.6,35.91339406967619,5860.0,NGLNMc1
2021-07-12,91.43,84.02,91.36,33.837646978537556,5405.0,NGLNMc1
2021-07-13,88.14,83.2,84.73,34.83956597399939,5100.0,NGLNMc1
2021-07-14,86.4,81.62,84.47,34.09330023543863,7805.0,NGLNMc1
2021-07-15,85.25,82.06,82.29,33.19583683079128,5630.0,NGLNMc1
2021-07-16,87.56,82.75,82.75,34.00883065479237,4340.0,NGLNMc1
2021-07-19,91.49,87.98,88.16,34.94247312928652,3330.0,NGLNMc1
2021-07-20,88.45,84.85,86.54,34.588059166751975,3775.0,NGLNMc1
2021-07-21,90.4,87.0,87.45,35.566610024908734,6635.0,NGLNMc1
2021-07-22,90.5,88.19,89.49,35.78693144982428,8815.0,NGLNMc1
2021-07-23,89.31,87.38,88.75,35.25589517862627,6120.0,NGLNMc1
2021-07-26,93.44,89.11,89.11,37.14269423687174,5950.0,NGLNMc1
2021-07-27,96.37,94.0,94.0,38.38202374859249,6565.0,NGLNMc1
2021-07-28,101.66,97.5,97.5,40.39687412563552,8070.0,NGLNMc1
2021-07-29,104.89,101.22,101.22,41.90495785989695,5955.0,NGLNMc1
2021-07-30,106.09,100.72,105.92,41.465306923260655,2210.0,NGLNMc1
2021-08-02,109.0,106.37,106.37,42.846477633329926,2985.0,NGLNMc1
2021-08-03,107.5,104.45,107.0,41.843851298324644,2405.0,NGLNMc1
2021-08-04,107.17,105.0,106.93,42.79791585628007,3105.0,NGLNMc1
2021-08-05,108.75,104.32,105.0,43.58402292967551,3905.0,NGLNMc1
2021-08-06,111.5,107.27,110.25,43.448986249019015,5140.0,NGLNMc1
2021-08-09,109.25,106.6,108.04,43.17995291227352,2420.0,NGLNMc1
2021-08-10,112.11,110.5,110.92,44.93668065649845,3125.0,NGLNMc1
2021-08-11,116.35,111.29,112.12,46.11284744259051,3595.0,NGLNMc1
2021-08-12,115.69,112.64,115.69,45.69511277169277,4895.0,NGLNMc1
2021-08-13,113.37,110.62,113.29,44.48918756611048,5475.0,NGLNMc1
2021-08-16,119.34,113.73,113.99,47.754812843348006,3300.0,NGLNMc1
2021-08-17,119.26,115.49,117.22,46.68467772204593,5245.0,NGLNMc1
2021-08-18,118.47,103.05,116.04,44.724736069880926,6815.0,NGLNMc1
2021-08-19,110.67,98.8,110.0,39.757146074316715,7475.0,NGLNMc1
2021-08-20,105.9,100.98,101.0,41.61874910430955,6195.0,NGLNMc1
2021-08-23,108.64,100.93,105.3,41.12622854608114,4875.0,NGLNMc1
2021-08-24,113.5,107.0,107.22,44.34986180775923,6725.0,NGLNMc1
2021-08-25,115.0,111.8,114.6,45.20902958337599,3900.0,NGLNMc1
2021-08-26,115.5,110.5,111.99,45.76979561196984,5480.0,NGLNMc1
2021-08-27,121.3,117.0,117.0,48.124653836967276,3685.0,NGLNMc1
2021-08-31,129.2,122.94,124.0,50.753689221005224,3195.0,NGLNMc1
2021-09-01,134.5,126.04,130.3,50.68240522742008,6480.0,NGLNMc1
2021-09-02,133.59,126.99,129.65,52.45859351008293,4100.0,NGLNMc1
2021-09-03,133.51,130.24,133.0,51.909369775139034,5165.0,NGLNMc1
2021-09-06,135.41,130.73,132.05,53.32459241819362,3810.0,NGLNMc1
2021-09-07,137.45,130.7,131.8,54.17189886375269,6315.0,NGLNMc1
2021-09-08,140.4,135.44,137.2,55.52184324564097,6650.0,NGLNMc1
2021-09-09,144.0,138.4,140.71,56.749411403418975,4500.0,NGLNMc1
2021-09-10,145.94,139.41,141.07,58.12954720715189,4860.0,NGLNMc1
2021-09-13,155.89,148.28,148.5,61.28412802402156,7410.0,NGLNMc1
2021-09-14,167.07,153.01,153.01,65.85167366158255,7755.0,NGLNMc1
2021-09-15,194.94,163.15,167.99,70.83651346094791,11495.0,NGLNMc1
2021-09-16,174.52,150.3,160.85,63.33146415532125,8375.0,NGLNMc1
2021-09-17,167.73,157.14,157.5,65.05445115501418,6345.0,NGLNMc1
2021-09-20,190.26,165.5,165.5,75.37595796226158,7940.0,NGLNMc1
2021-09-21,191.5,179.44,188.45,73.95866857747296,6680.0,NGLNMc1
2021-09-22,183.5,174.75,180.56,71.94467601596888,7165.0,NGLNMc1
2021-09-23,177.59,170.24,177.05,69.58285153717543,7950.0,NGLNMc1
2021-09-24,179.64,169.06,172.0,70.09302385095711,7660.0,NGLNMc1
2021-09-27,194.0,177.0,177.32,76.04936226840005,7025.0,NGLNMc1
2021-09-28,213.09,194.46,206.71,77.22000000000001,8385.0,NGLNMc1
2021-09-29,217.0,204.6,210.0,84.94787593407719,15140.0,NGLNMc1
2021-09-30,256.0,224.31,232.06,99.69378510253523,3885.0,NGLNMc1
2021-10-01,251.34,236.24,241.04,96.20928856587163,2920.0,NGLNMc1
2021-10-04,255.52,236.48,242.06,98.22383594363122,5240.0,NGLNMc1
2021-10-05,305.94,259.0,261.0,117.8167222847784,6895.0,NGLNMc1
2021-10-06,407.82,255.72,303.09,109.64312109734877,7810.0,NGLNMc1
2021-10-07,285.94,209.0,274.67,98.72506056573516,7205.0,NGLNMc1
2021-10-08,271.38,210.96,267.0,89.1888023339134,6450.0,NGLNMc1
2021-10-11,238.0,210.0,213.02,86.95863991537858,5795.0,NGLNMc1
2021-10-12,223.83,207.95,216.92,87.28658136281435,9735.0,NGLNMc1
2021-10-13,238.5,228.5,234.5,94.76816972054459,3840.0,NGLNMc1
2021-10-14,259.04,244.21,246.18,103.61711127034499,4860.0,NGLNMc1
2021-10-15,258.1,221.07,256.99,94.8491473026922,3845.0,NGLNMc1
2021-10-18,270.9,212.32,212.32,95.71509878186099,6280.0,NGLNMc1
2021-10-19,240.74,218.43,218.43,91.39075852185485,5910.0,NGLNMc1
2021-10-20,239.99,230.1,239.99,94.65048759681987,3660.0,NGLNMc1
2021-10-21,235.0,218.26,232.24,89.59647865697615,5335.0,NGLNMc1
2021-10-22,229.0,217.16,223.73,88.32530658204526,6170.0,NGLNMc1
2021-10-25,232.89,221.5,231.0,90.30657795066024,4325.0,NGLNMc1
2021-10-26,228.1,219.01,226.58,89.76410004435802,6910.0,NGLNMc1
2021-10-27,221.02,215.4,219.14,88.3399856689528,8610.0,NGLNMc1
2021-10-28,203.82,188.5,196.0,77.32889139113523,11905.0,NGLNMc1
2021-10-29,194.64,163.6,194.64,67.02744395536902,3650.0,NGLNMc1
2021-11-01,190.0,160.78,180.0,67.2634309209404,6040.0,NGLNMc1
2021-11-02,186.53,162.0,171.8,69.5142102569352,3965.0,NGLNMc1
2021-11-03,203.5,180.76,187.99,79.10551062886002,4895.0,NGLNMc1
2021-11-04,203.63,185.2,193.11,75.54017197256627,3510.0,NGLNMc1
2021-11-05,201.0,187.48,196.99,76.22711638857612,4175.0,NGLNMc1
2021-11-08,208.0,195.85,196.0,81.01599617838741,3465.0,NGLNMc1
2021-11-09,200.0,180.0,193.97,74.65612379295051,3540.0,NGLNMc1
2021-11-10,184.0,165.9,175.0,71.71073327191455,4200.0,NGLNMc1
2021-11-11,194.22,180.01,184.46,77.02987033814448,3195.0,NGLNMc1
2021-11-12,200.0,189.69,193.33,77.6279455420207,3610.0,NGLNMc1
2021-11-15,210.0,194.05,194.05,82.42051557648344,3670.0,NGLNMc1
2021-11-16,241.95,212.0,212.49,97.07894666803152,5705.0,NGLNMc1
2021-11-17,255.65,233.51,244.99,97.11437813491658,4240.0,NGLNMc1
2021-11-18,241.05,228.8,239.0,97.07534718667895,3440.0,NGLNMc1
2021-11-19,231.79,216.75,225.76,89.19864162145564,5875.0,NGLNMc1
2021-11-22,221.03,206.0,216.08,85.88891391135223,4565.0,NGLNMc1
2021-11-23,233.35,210.0,212.0,92.91894257344664,4555.0,NGLNMc1
2021-11-24,238.0,227.5,230.0,95.5068768553588,3700.0,NGLNMc1
2021-11-25,238.0,224.0,228.0,94.74922168765141,7010.0,NGLNMc1
2021-11-26,229.75,219.5,228.98,89.356377657215,6930.0,NGLNMc1
2021-11-29,240.4,233.0,240.0,94.94917801207903,9410.0,NGLNMc1
2021-11-30,258.88,233.0,249.3,95.38254683181493,3340.0,NGLNMc1
2021-12-01,247.76,236.0,238.02,97.85538745009725,4230.0,NGLNMc1
2021-12-02,243.5,228.0,238.0,97.20937386972398,4780.0,NGLNMc1
2021-12-03,238.32,227.29,233.8,91.33505988330434,5485.0,NGLNMc1
2021-12-06,232.75,221.43,221.43,92.27694134507115,4115.0,NGLNMc1
2021-12-07,247.08,230.08,230.08,97.84341420138533,3005.0,NGLNMc1
2021-12-08,267.0,249.0,249.24,103.3876162691507,5750.0,NGLNMc1
2021-12-09,266.71,249.0,261.39,102.27097041662401,3160.0,NGLNMc1
2021-12-10,274.57,256.36,260.45,107.48514689323369,5145.0,NGLNMc1
2021-12-13,301.65,285.0,293.15,117.67730781042073,7550.0,NGLNMc1
2021-12-14,327.0,296.06,305.94,129.60497492066742,5545.0,NGLNMc1
2021-12-15,337.0,302.0,323.4,134.24350905926912,5575.0,NGLNMc1
2021-12-16,366.0,318.74,335.0,144.22376360596445,7010.0,NGLNMc1
2021-12-17,352.66,314.99,315.0,138.50370559934487,8125.0,NGLNMc1
2021-12-20,375.0,349.01,360.0,148.5061640563688,8365.0,NGLNMc1
2021-12-21,470.83,392.0,394.1,181.09183062067086,5205.0,NGLNMc1
2021-12-22,447.5,399.97,433.83,173.7798205206947,6860.0,NGLNMc1
2021-12-23,404.01,302.0,395.0,131.4754290783772,7950.0,NGLNMc1
2021-12-24,278.99,242.18,270.83,108.04367079537312,4940.0,NGLNMc1
2021-12-29,259.0,231.5,240.0,94.54662503838674,4885.0,NGLNMc1
2021-12-30,231.0,205.04,230.0,85.5656832838571,9565.0,NGLNMc1
2021-12-31,207.23,158.63,207.23,69.28192445490838,3585.0,NGLNMc1
2022-01-04,244.79,204.0,207.0,88.56557989558807,4795.0,NGLNMc1
2022-01-05,239.25,215.0,231.99,91.36388405500392,8160.0,NGLNMc1
2022-01-06,240.95,224.3,240.95,96.1120278431774,5655.0,NGLNMc1
2022-01-07,251.11,201.01,239.8,87.73847613198213,9345.0,NGLNMc1
2022-01-10,224.3,204.77,208.0,84.15179035725254,7830.0,NGLNMc1
2022-01-11,206.65,188.02,199.0,77.84585218548469,6755.0,NGLNMc1
2022-01-12,206.85,176.35,204.52,73.5285269730781,5015.0,NGLNMc1
2022-01-13,208.42,173.19,173.87,83.71689016275975,5085.0,NGLNMc1
2022-01-14,230.0,202.05,228.0,85.08566315214794,4625.0,NGLNMc1
2022-01-17,210.0,178.0,210.0,75.23835090592691,4945.0,NGLNMc1
2022-01-18,195.0,178.2,190.0,76.78805473095166,3870.0,NGLNMc1
2022-01-19,185.53,172.0,185.0,73.98293274644283,6155.0,NGLNMc1
2022-01-20,186.0,168.0,170.0,73.46243115979118,6835.0,NGLNMc1
2022-01-21,197.29,176.0,186.0,77.12701402395332,6335.0,NGLNMc1
2022-01-24,229.75,200.0,200.0,91.28552768963046,5835.0,NGLNMc1
2022-01-25,230.0,214.0,217.78,91.8218773671819,4965.0,NGLNMc1
2022-01-26,222.09,210.0,210.0,89.51666496058964,6395.0,NGLNMc1
2022-01-27,226.0,214.75,226.0,90.1095219572116,4225.0,NGLNMc1
2022-01-28,225.0,217.0,222.0,89.92573856075342,12290.0,NGLNMc1
2022-01-31,219.82,200.02,219.82,82.93108950080187,3020.0,NGLNMc1
2022-02-01,197.0,177.1,194.52,74.01983178080322,5340.0,NGLNMc1
2022-02-02,189.0,182.0,184.56,75.31824137578053,3730.0,NGLNMc1
2022-02-03,195.0,183.05,190.0,78.16425563858463,4575.0,NGLNMc1
2022-02-04,202.15,195.0,197.0,80.79253761899888,4225.0,NGLNMc1
2022-02-07,194.5,186.5,186.67,78.2277694748695,5700.0,NGLNMc1
2022-02-08,199.99,181.65,195.0,75.31113147029721,7310.0,NGLNMc1
2022-02-09,188.25,178.05,178.77,72.54624082983587,8020.0,NGLNMc1
2022-02-10,186.5,175.0,182.15,72.12844712867233,5580.0,NGLNMc1
2022-02-11,188.0,175.0,175.0,75.72778721807077,4490.0,NGLNMc1
2022-02-14,203.0,189.38,200.0,78.77023236769374,4120.0,NGLNMc1
2022-02-15,187.0,162.01,186.0,69.46506193059679,8580.0,NGLNMc1
2022-02-16,171.4,156.0,156.0,68.01646842051387,6770.0,NGLNMc1
2022-02-17,180.66,168.98,172.38,73.46931722796602,5745.0,NGLNMc1
2022-02-18,177.22,169.99,171.67,72.25328488074521,6200.0,NGLNMc1
2022-02-21,182.53,167.0,167.0,71.16583307742178,3835.0,NGLNMc1
2022-02-22,196.88,182.0,187.75,78.13730849285155,5010.0,NGLNMc1
2022-02-23,217.09,192.5,192.84,87.21875524618693,7735.0,NGLNMc1
2022-02-24,348.0,257.0,285.0,131.2730586549289,14115.0,NGLNMc1
2022-02-25,265.28,216.5,265.28,91.62223188999215,5760.0,NGLNMc1
2022-02-28,282.77,228.32,281.48,97.00404954447743,3405.0,NGLNMc1
2022-03-01,301.49,243.0,250.0,118.52698740915142,3955.0,NGLNMc1
2022-03-02,463.83,323.21,325.0,162.01939809601802,5875.0,NGLNMc1
2022-03-03,465.92,329.99,424.36,158.10431808100452,9255.0,NGLNMc1
2022-03-04,508.8,358.0,358.0,190.17331797863994,6230.0,NGLNMc1
2022-03-07,800.0,497.88,610.0,222.09335380625788,5810.0,NGLNMc1
2022-03-08,659.5,450.0,659.5,209.62286416214556,6975.0,NGLNMc1
2022-03-09,469.99,351.36,450.0,151.7035377213635,6775.0,NGLNMc1
2022-03-10,373.58,287.33,355.0,120.6625307946907,5625.0,NGLNMc1
2022-03-11,330.0,268.71,280.0,126.76116900399221,9605.0,NGLNMc1
2022-03-14,299.98,264.75,280.0,109.82118947691679,7955.0,NGLNMc1
2022-03-15,299.7,261.99,267.0,111.43784078889003,8240.0,NGLNMc1
2022-03-16,285.0,238.52,274.4,97.90327054969804,14515.0,NGLNMc1
2022-03-17,268.69,245.55,254.4,101.01315590132052,5945.0,NGLNMc1
2022-03-18,256.44,233.63,256.3,100.04688299723617,4950.0,NGLNMc1
2022-03-21,245.0,222.42,230.0,91.8399447231037,7725.0,NGLNMc1
2022-03-22,240.95,223.0,226.0,95.8248609547207,7770.0,NGLNMc1
2022-03-23,315.29,242.0,242.0,113.59632511004197,5305.0,NGLNMc1
2022-03-24,305.0,249.0,275.0,108.33340089398439,6515.0,NGLNMc1
2022-03-25,270.0,232.0,251.0,96.93041457672228,7860.0,NGLNMc1
2022-03-28,260.0,230.0,231.2,99.95334322858021,9410.0,NGLNMc1
2022-03-29,275.4,256.35,259.41,106.13380284573654,7555.0,NGLNMc1
2022-03-30,302.36,280.0,280.0,113.74815231855872,7550.0,NGLNMc1
2022-03-31,305.78,273.1,274.74,121.21096529839288,2985.0,NGLNMc1
2022-04-01,310.0,250.11,305.0,104.20287849319277,5385.0,NGLNMc1
2022-04-04,265.0,239.05,260.0,99.50772648172793,3520.0,NGLNMc1
2022-04-05,249.99,232.79,235.0,99.11283447640496,4280.0,NGLNMc1
2022-04-06,252.52,213.3,213.3,97.9181806394377,4790.0,NGLNMc1
2022-04-07,239.0,231.0,235.0,95.7558368307913,5315.0,NGLNMc1
2022-04-08,245.0,220.0,235.0,93.3670938683591,4160.0,NGLNMc1
2022-04-11,227.0,211.11,227.0,86.97890162759751,5595.0,NGLNMc1
2022-04-12,222.62,210.14,220.0,86.47156993209813,4570.0,NGLNMc1
2022-04-13,215.8,209.1,214.0,87.54234824444673,6000.0,NGLNMc1
2022-04-14,203.07,159.0,210.9,72.99383253147714,8000.0,NGLNMc1
2022-04-19,183.0,164.5,164.5,71.24349745794521,4495.0,NGLNMc1
2022-04-20,195.81,173.01,175.0,73.06511891357015,5855.0,NGLNMc1
2022-04-21,197.5,178.5,178.5,77.45042686047702,10775.0,NGLNMc1
2022-04-22,200.0,165.0,200.0,69.51625652574471,9515.0,NGLNMc1
2022-04-25,175.0,152.0,171.08,62.22064080253865,10220.0,NGLNMc1
2022-04-26,181.55,146.5,154.13,65.96088443034088,6675.0,NGLNMc1
2022-04-27,180.0,143.69,178.3,60.633125191933665,8530.0,NGLNMc1
2022-04-28,139.0,127.5,130.0,52.07948885931689,4795.0,NGLNMc1
2022-04-29,179.0,153.56,158.0,66.573364725151,4085.0,NGLNMc1
2022-05-03,170.56,144.02,144.02,63.2683799092367,5525.0,NGLNMc1
2022-05-04,171.5,157.0,157.0,64.61541611219162,4225.0,NGLNMc1
2022-05-05,174.0,160.99,165.0,66.5044784522469,4295.0,NGLNMc1
2022-05-06,167.0,127.48,167.0,54.855495274166586,5550.0,NGLNMc1
2022-05-09,137.95,120.2,137.95,51.27846453065821,4480.0,NGLNMc1
2022-05-10,153.15,114.36,115.0,58.15480397174738,7105.0,NGLNMc1
2022-05-11,147.53,135.4,144.0,55.55841539563927,4390.0,NGLNMc1
2022-05-12,196.85,158.5,165.0,70.40089910260349,4655.0,NGLNMc1
2022-05-13,169.5,146.99,169.5,59.63428020609411,4720.0,NGLNMc1
2022-05-16,179.5,149.0,149.0,69.3930310164807,3790.0,NGLNMc1
2022-05-17,195.99,164.0,164.0,74.83274303067526,6520.0,NGLNMc1
2022-05-18,192.0,173.0,184.95,73.21548367284267,5060.0,NGLNMc1
2022-05-19,178.0,159.55,178.0,67.8195809874774,5085.0,NGLNMc1
2022-05-20,164.4,139.0,154.65,59.66967755143822,4285.0,NGLNMc1
2022-05-23,143.43,134.25,140.0,54.234078206571816,6015.0,NGLNMc1
2022-05-24,141.75,133.9,138.0,54.43576312826287,9460.0,NGLNMc1
2022-05-25,151.0,136.65,137.4,59.822256798717035,5690.0,NGLNMc1
2022-05-26,147.0,138.74,146.0,57.87463404647353,3835.0,NGLNMc1
2022-05-27,159.0,137.09,142.0,61.58052615416114,4145.0,NGLNMc1
2022-05-30,172.0,157.0,157.0,66.42174326952606,3355.0,NGLNMc1
2022-05-31,199.69,172.23,191.0,73.55420684478112,4540.0,NGLNMc1
2022-06-01,170.0,151.0,166.0,63.89891288770601,5505.0,NGLNMc1
2022-06-06,160.0,144.0,153.97,60.2124762002252,2850.0,NGLNMc1
2022-06-07,148.46,134.81,145.2,54.670394103797726,5315.0,NGLNMc1
2022-06-08,131.99,126.86,131.04,51.83722114170675,7145.0,NGLNMc1
2022-06-09,180.0,148.55,156.5,60.45572866550654,6710.0,NGLNMc1
2022-06-10,155.63,145.0,148.65,58.39220936977514,3820.0,NGLNMc1
2022-06-13,161.0,148.0,148.0,61.14413553076057,4005.0,NGLNMc1
2022-06-14,203.83,159.9,160.5,77.21966424403726,8005.0,NGLNMc1
2022-06-15,263.06,196.75,205.0,102.55082471764423,5925.0,NGLNMc1
2022-06-16,315.07,218.5,269.8,93.31407923021804,16125.0,NGLNMc1
2022-06-17,255.23,196.62,233.62,80.17740471559696,4765.0,NGLNMc1
2022-06-20,220.09,199.39,205.0,79.85766267444637,3855.0,NGLNMc1
2022-06-21,217.71,200.0,215.0,81.8185853209131,5535.0,NGLNMc1
2022-06-22,216.68,180.1,205.0,72.69740539802778,5055.0,NGLNMc1
2022-06-23,199.0,183.0,185.0,74.24000409458492,4410.0,NGLNMc1
2022-06-24,196.9,159.6,196.9,67.30639574163169,4800.0,NGLNMc1
2022-06-27,176.66,160.01,170.0,67.96741972907496,5765.0,NGLNMc1
2022-06-28,185.0,161.0,168.0,65.87612174565803,5145.0,NGLNMc1
2022-06-29,190.0,171.0,181.0,68.94218036646537,4055.0,NGLNMc1
2022-06-30,262.0,247.0,250.0,98.38973282833454,3890.0,NGLNMc1
2022-07-01,253.0,231.0,249.75,95.382873716177,4000.0,NGLNMc1
2022-07-04,292.53,240.0,240.0,111.87709693929777,3390.0,NGLNMc1
2022-07-05,317.52,280.0,302.0,115.39109837240252,2575.0,NGLNMc1
2022-07-06,290.01,238.28,290.43,110.41786365032245,5585.0,NGLNMc1
2022-07-07,328.5,296.0,300.0,120.4293827413246,11260.0,NGLNMc1
2022-07-08,303.94,225.94,299.8,103.01186747193505,3170.0,NGLNMc1
2022-07-11,250.01,216.0,226.51,89.79991401371686,4060.0,NGLNMc1
2022-07-12,281.9,222.24,222.24,98.62547855461153,3830.0,NGLNMc1
2022-07-13,300.01,263.21,280.0,108.76818302794554,2945.0,NGLNMc1
2022-07-14,270.0,234.48,270.0,95.34374654519397,3695.0,NGLNMc1
2022-07-15,235.0,195.0,235.0,80.37706657112635,3800.0,NGLNMc1
2022-07-18,213.0,185.0,200.29,77.86984133483469,3770.0,NGLNMc1
2022-07-19,232.99,198.62,198.62,86.60608933019415,4085.0,NGLNMc1
2022-07-20,288.33,216.53,216.53,107.6868952809909,3225.0,NGLNMc1
2022-07-21,313.01,219.09,270.0,118.44391647046781,4165.0,NGLNMc1
2022-07-22,335.0,290.0,290.05,125.06586754017812,3590.0,NGLNMc1
2022-07-25,329.93,300.0,317.0,128.82441293888832,2745.0,NGLNMc1
2022-07-26,375.97,327.76,327.76,142.78494728221924,3495.0,NGLNMc1
2022-07-27,399.99,347.25,389.99,151.08514348107963,3190.0,NGLNMc1
2022-07-28,372.99,300.0,360.0,129.3355392909544,7330.0,NGLNMc1
2022-07-29,387.69,350.0,376.11,143.00389940969737,2565.0,NGLNMc1
2022-08-01,370.0,348.0,370.0,142.23254785546118,2590.0,NGLNMc1
2022-08-02,370.75,352.0,357.0,147.59169072235304,4070.0,NGLNMc1
2022-08-03,383.19,365.0,365.03,150.87415293274643,2780.0,NGLNMc1
2022-08-04,387.0,365.0,365.0,153.58539154468218,4430.0,NGLNMc1
2022-08-05,391.5,366.37,385.19,151.08640017743204,6710.0,NGLNMc1
2022-08-08,380.0,351.92,380.0,143.57316409049034,3180.0,NGLNMc1
2022-08-09,370.39,331.74,331.75,144.17834374040334,2390.0,NGLNMc1
2022-08-10,399.8,371.56,374.99,157.73963148735797,4200.0,NGLNMc1
2022-08-11,422.05,396.05,402.25,162.0606425086157,3250.0,NGLNMc1
2022-08-12,408.0,391.88,394.0,159.74075818063946,2605.0,NGLNMc1
2022-08-15,443.0,399.99,400.0,171.13679325758352,3115.0,NGLNMc1
2022-08-16,508.0,433.5,440.0,179.42941686286554,2860.0,NGLNMc1
2022-08-17,467.01,434.0,453.58,177.65334698194968,3535.0,NGLNMc1
2022-08-18,460.0,445.11,455.0,183.9279353055584,2970.0,NGLNMc1
2022-08-19,490.0,447.76,453.5,185.16118538233187,2565.0,NGLNMc1
2022-08-22,567.98,510.24,535.0,212.6130166854335,2035.0,NGLNMc1
2022-08-23,530.0,452.8,530.0,200.19328078616033,2960.0,NGLNMc1
2022-08-24,558.97,470.0,470.0,220.86128365236974,3805.0,NGLNMc1
2022-08-25,620.48,559.29,585.0,239.0493943426485,2935.0,NGLNMc1
2022-08-26,648.47,544.99,544.99,257.37197393114275,3235.0,NGLNMc1
2022-08-30,515.0,440.0,515.0,178.60024738117173,3380.0,NGLNMc1
2022-08-31,571.74,435.0,535.0,180.9951581533422,3090.0,NGLNMc1
2022-09-01,504.0,431.05,454.99,191.53509263998365,2860.0,NGLNMc1
2022-09-02,470.01,392.59,454.0,161.43779711331763,5215.0,NGLNMc1
2022-09-05,560.3,448.49,516.7,182.97537107175762,3955.0,NGLNMc1
2022-09-06,444.5,386.5,425.0,169.8577363769748,6535.0,NGLNMc1
2022-09-07,449.7,375.0,449.7,158.89690176408368,6490.0,NGLNMc1
2022-09-08,420.0,355.6,398.0,161.32427269935513,4035.0,NGLNMc1
2022-09-09,409.24,360.0,403.99,148.9306315897226,3085.0,NGLNMc1
2022-09-12,370.0,338.5,370.0,136.85612311051966,3585.0,NGLNMc1
2022-09-13,384.99,335.13,340.0,143.6099140137169,4080.0,NGLNMc1
2022-09-14,430.0,369.67,369.67,161.0542396014604,4420.0,NGLNMc1
2022-09-15,460.0,372.4,412.87,151.20651039000924,6365.0,NGLNMc1
2022-09-16,362.55,281.51,360.32,113.03158665165319,5800.0,NGLNMc1
2022-09-19,310.0,271.95,286.01,109.88232265329106,2065.0,NGLNMc1
2022-09-20,325.0,265.16,271.01,122.78885453987104,3970.0,NGLNMc1
2022-09-21,348.72,273.02,330.0,115.50635070119766,3835.0,NGLNMc1
2022-09-22,321.02,283.8,295.0,112.30794144743578,4030.0,NGLNMc1
2022-09-23,299.76,263.01,290.16,109.50999488176885,4345.0,NGLNMc1
2022-09-26,262.0,231.86,255.0,91.3430934589006,4405.0,NGLNMc1
2022-09-27,322.0,240.0,251.0,97.55995495956599,5935.0,NGLNMc1
2022-09-28,346.25,285.65,315.0,122.73224622103938,4420.0,NGLNMc1
2022-09-29,305.0,253.0,304.9,98.83800081891697,3655.0,NGLNMc1
2022-09-30,393.01,341.84,390.0,137.14870508752176,5195.0,NGLNMc1
2022-10-03,337.86,294.0,335.31,116.94756508683932,3255.0,NGLNMc1
2022-10-04,308.42,275.84,290.0,109.18724878015492,3695.0,NGLNMc1
2022-10-05,329.72,262.0,276.03,123.42464974238237,3480.0,NGLNMc1
2022-10-06,349.76,300.0,330.84,126.26173610400247,4565.0,NGLNMc1
2022-10-07,301.16,281.9,301.16,110.66247381171735,3515.0,NGLNMc1
2022-10-10,346.4,270.0,270.0,110.13782645784283,2885.0,NGLNMc1
2022-10-11,310.0,280.0,300.0,110.33157948612958,3390.0,NGLNMc1
2022-10-12,296.25,280.0,280.0,114.68387757191114,2525.0,NGLNMc1
2022-10-13,330.0,277.0,295.0,111.16740812775105,2625.0,NGLNMc1
2022-10-14,275.0,255.0,266.0,102.437214658614,4250.0,NGLNMc1
2022-10-17,250.0,226.74,237.0,91.45928447128672,4825.0,NGLNMc1
2022-10-18,225.51,185.21,218.55,78.95125737878323,4350.0,NGLNMc1
2022-10-19,198.23,175.76,196.47,71.5453632238032,6175.0,NGLNMc1
2022-10-20,245.0,185.1,190.0,87.68307912785342,3700.0,NGLNMc1
2022-10-21,220.01,195.0,200.0,79.81762718804382,4985.0,NGLNMc1
2022-10-24,192.0,170.67,192.0,71.39967925751527,5370.0,NGLNMc1
2022-10-25,193.0,168.9,170.0,72.72893165455352,5000.0,NGLNMc1
2022-10-26,200.01,185.0,192.0,77.6787839082813,4065.0,NGLNMc1
2022-10-27,222.0,188.0,199.99,85.47690039922205,3100.0,NGLNMc1
2022-10-28,250.0,218.1,230.0,97.99349029242161,5525.0,NGLNMc1
2022-10-31,329.68,292.01,328.0,119.00507660285939,2340.0,NGLNMc1
2022-11-01,299.0,277.83,294.0,110.88538949738971,3320.0,NGLNMc1
2022-11-02,332.5,294.23,300.0,120.86490190056983,2615.0,NGLNMc1
2022-11-03,336.77,308.0,325.01,121.58418261848706,2070.0,NGLNMc1
2022-11-04,322.0,280.62,316.0,110.2491036271198,2470.0,NGLNMc1
2022-11-07,280.03,260.21,271.75,104.84246630497834,3565.0,NGLNMc1
2022-11-08,290.0,269.0,274.76,110.94029958712935,3085.0,NGLNMc1
2022-11-09,291.5,267.3,283.81,104.85618282321632,3220.0,NGLNMc1
2022-11-10,276.0,257.0,276.0,104.30358788002867,3730.0,NGLNMc1
2022-11-11,251.0,226.39,251.0,89.13657078513667,4145.0,NGLNMc1
2022-11-14,286.47,237.9,237.9,105.96015968881153,2820.0,NGLNMc1
2022-11-15,313.5,292.0,300.0,116.94007574982088,2855.0,NGLNMc1
2022-11-16,294.47,256.0,280.0,105.47329306991503,2040.0,NGLNMc1
2022-11-17,277.99,250.0,250.0,104.56450165489474,3160.0,NGLNMc1
2022-11-18,274.0,256.25,265.0,106.59549117958167,3120.0,NGLNMc1
2022-11-21,282.0,264.99,270.0,105.89066195789401,4960.0,NGLNMc1
2022-11-22,290.0,268.0,268.27,107.94898351929574,6190.0,NGLNMc1
2022-11-23,305.97,285.82,300.0,119.35168935749141,4700.0,NGLNMc1
2022-11-24,297.0,281.99,295.0,115.82204012693212,4930.0,NGLNMc1
2022-11-25,295.0,279.02,291.69,114.38201317091477,3580.0,NGLNMc1
2022-11-28,301.0,275.78,291.0,114.89394342648512,6185.0,NGLNMc1
2022-11-29,326.0,300.0,300.0,127.25539290954379,5830.0,NGLNMc1
2022-11-30,382.3,350.0,350.0,146.09669874091514,4675.0,NGLNMc1
2022-12-01,406.25,335.69,405.0,136.7780120790255,4310.0,NGLNMc1
2022-12-02,348.0,319.0,348.0,133.76891766472176,4605.0,NGLNMc1
2022-12-05,357.0,330.25,355.0,132.91837103763606,3850.0,NGLNMc1
2022-12-06,352.0,335.7,345.0,137.00597399938582,3495.0,NGLNMc1
2022-12-07,377.75,349.77,350.0,148.38017811444365,4130.0,NGLNMc1
2022-12-08,396.52,336.49,390.0,138.20417442931722,4715.0,NGLNMc1
2022-12-09,365.0,337.99,344.0,137.24507728529022,3260.0,NGLNMc1
2022-12-12,346.0,320.0,331.0,134.67366328863412,4085.0,NGLNMc1
2022-12-13,350.0,335.0,338.0,135.3656928378886,6285.0,NGLNMc1
2022-12-14,336.75,317.51,332.0,128.9604998805746,5735.0,NGLNMc1
2022-12-15,340.5,328.0,328.0,131.78289418910157,8070.0,NGLNMc1
2022-12-16,318.25,285.25,318.25,112.8407452144539,5015.0,NGLNMc1
2022-12-19,281.34,265.37,281.34,105.50487699184497,3855.0,NGLNMc1
2022-12-20,277.59,249.0,252.0,102.70542327771523,6465.0,NGLNMc1
2022-12-21,247.4,238.99,239.58,94.04901218139011,5440.0,NGLNMc1
2022-12-22,237.75,224.25,234.91,87.97436448630022,7550.0,NGLNMc1
2022-12-23,218.0,198.0,218.0,77.44387415975707,6045.0,NGLNMc1
2022-12-28,199.99,182.25,192.5,72.8220902855973,4760.0,NGLNMc1
2022-12-29,203.0,190.5,190.5,74.92197290749651,5710.0,NGLNMc1
2022-12-30,208.5,176.25,208.5,71.76132664551133,2815.0,NGLNMc1
2023-01-03,187.0,168.28,187.0,66.25945746749925,6010.0,NGLNMc1
2023-01-04,168.97,151.85,165.93,59.37876411778757,4210.0,NGLNMc1
2023-01-05,186.01,151.0,153.08,70.54312007370253,5405.0,NGLNMc1
2023-01-06,191.9,167.0,170.0,65.89551984167605,5675.0,NGLNMc1
2023-01-09,188.5,167.92,183.0,71.12000545944655,4015.0,NGLNMc1
2023-01-10,190.0,167.82,182.82,66.16562595966833,3970.0,NGLNMc1
2023-01-11,173.5,160.0,171.42,61.84148121609172,3705.0,NGLNMc1
2023-01-12,171.55,162.0,167.49,64.2956324427611,4430.0,NGLNMc1
2023-01-13,175.0,158.0,174.0,62.565726276998674,3875.0,NGLNMc1
2023-01-16,160.5,134.51,160.0,52.572360186986046,3485.0,NGLNMc1
2023-01-17,152.2,128.0,141.0,58.54310164807044,6560.0,NGLNMc1
2023-01-18,159.99,141.0,142.0,60.03036953628826,5900.0,NGLNMc1
2023-01-19,165.0,145.29,160.0,59.51022622581636,6725.0,NGLNMc1
2023-01-20,172.52,145.5,151.0,65.79187224895077,4585.0,NGLNMc1
2023-01-23,173.0,158.5,168.9,64.7606537687242,7380.0,NGLNMc1
2023-01-24,155.01,146.1,150.0,57.04461459719521,4505.0,NGLNMc1
2023-01-25,147.0,139.23,141.25,55.518913570136824,7325.0,NGLNMc1
2023-01-26,152.24,138.0,144.0,54.10231617019825,4995.0,NGLNMc1
2023-01-27,144.24,134.0,136.44,54.78975432490531,7200.0,NGLNMc1
2023-01-30,148.5,139.12,140.0,54.28389087931211,6030.0,NGLNMc1
2023-01-31,154.0,144.0,149.58,56.30338826901422,3435.0,NGLNMc1
2023-02-01,154.75,143.49,147.0,58.41102774081277,4275.0,NGLNMc1
2023-02-02,153.0,141.29,150.0,55.024668850445295,6780.0,NGLNMc1
2023-02-03,152.4,142.28,145.0,56.32607158699287,4580.0,NGLNMc1
2023-02-06,148.0,143.27,147.0,56.19513768041765,3100.0,NGLNMc1
2023-02-07,149.0,137.75,146.0,53.65643566383458,5400.0,NGLNMc1
2023-02-08,140.61,132.55,139.95,51.73209233288976,4175.0,NGLNMc1
2023-02-09,139.0,130.81,135.48,50.6651028764459,3675.0,NGLNMc1
2023-02-10,137.32,131.5,132.75,51.826762206981265,4615.0,NGLNMc1
2023-02-13,131.3,128.35,130.25,49.7950291739175,4230.0,NGLNMc1
2023-02-14,133.24,129.15,129.75,50.11237827140274,3915.0,NGLNMc1
2023-02-15,138.25,133.0,133.0,52.69047497184973,4955.0,NGLNMc1
2023-02-16,135.51,128.36,135.51,49.635115160200634,6495.0,NGLNMc1
2023-02-17,126.4,119.58,126.0,46.42846555430443,5745.0,NGLNMc1
2023-02-20,128.65,121.0,121.0,47.63303306377316,5465.0,NGLNMc1
2023-02-21,122.75,118.95,122.75,46.603287951683896,5965.0,NGLNMc1
2023-02-22,126.08,122.0,123.0,48.59907871839492,5165.0,NGLNMc1
2023-02-23,128.55,122.76,124.0,48.82642849831098,8150.0,NGLNMc1
2023-02-24,133.0,127.06,127.79,49.35150748967824,8285.0,NGLNMc1
2023-02-27,125.43,117.45,125.0,45.84918654246427,5440.0,NGLNMc1
2023-02-28,120.35,114.91,116.84,44.80540826423722,3745.0,NGLNMc1
2023-03-01,121.55,116.0,116.0,45.67056095813287,4740.0,NGLNMc1
2023-03-02,122.0,117.75,118.69,45.41532739618522,4320.0,NGLNMc1
2023-03-03,118.0,112.21,118.0,43.72416009827005,4625.0,NGLNMc1
2023-03-06,112.0,104.0,112.0,40.60629132971645,6465.0,NGLNMc1
2023-03-07,110.5,104.51,108.0,41.59343330944826,4900.0,NGLNMc1
2023-03-08,113.5,104.9,112.44,40.94695294639506,5950.0,NGLNMc1
2023-03-09,119.99,102.6,103.0,42.13533012590849,6380.0,NGLNMc1
2023-03-10,137.75,109.59,109.59,51.483513153854034,8740.0,NGLNMc1
2023-03-13,134.38,122.0,131.0,48.44518647422118,9385.0,NGLNMc1
2023-03-14,125.08,109.8,125.08,42.71162247927117,5565.0,NGLNMc1
2023-03-15,113.72,104.6,110.52,41.367301327327944,5825.0,NGLNMc1
2023-03-16,111.44,102.69,109.29,42.5105913263043,10035.0,NGLNMc1
2023-03-17,114.55,101.38,109.01,40.50313884055004,9180.0,NGLNMc1
2023-03-20,103.5,93.0,103.5,36.827974204115066,6765.0,NGLNMc1
2023-03-21,105.08,93.97,94.28,40.004863684444,6405.0,NGLNMc1
2023-03-22,104.18,97.08,101.4,37.671565155082405,4995.0,NGLNMc1
2023-03-23,108.7,99.18,99.94,41.22803903504283,10830.0,NGLNMc1
2023-03-24,106.07,99.99,105.76,39.05102671716655,6265.0,NGLNMc1
2023-03-27,107.3,102.0,103.01,40.660456546217624,4975.0,NGLNMc1
2023-03-28,108.04,101.0,102.0,41.10631043777937,9425.0,NGLNMc1
2023-03-29,112.32,103.61,105.33,40.911936738663115,10895.0,NGLNMc1
2023-03-30,109.0,105.25,105.5,41.61967993994608,7840.0,NGLNMc1
2023-03-31,119.27,107.8,108.0,45.79517282560481,6140.0,NGLNMc1
2023-04-03,130.05,116.5,119.0,49.82077353533286,5945.0,NGLNMc1
2023-04-04,128.61,111.5,127.5,44.72591258061214,8385.0,NGLNMc1
2023-04-05,116.95,105.0,111.0,41.572388849080426,6760.0,NGLNMc1
2023-04-06,108.83,101.5,108.11,39.75522161940834,7545.0,NGLNMc1
2023-04-11,107.55,99.0,99.0,39.85855461152626,4855.0,NGLNMc1
2023-04-12,105.68,100.5,104.0,39.058409253761894,4825.0,NGLNMc1
2023-04-13,103.5,99.2,103.18,38.62353840379431,4715.0,NGLNMc1
2023-04-14,100.4,97.5,99.61,37.93332173200942,7830.0,NGLNMc1
2023-04-17,102.29,97.98,100.0,38.160106459207704,6335.0,NGLNMc1
2023-04-18,103.0,98.75,99.5,39.37067321800253,5265.0,NGLNMc1
2023-04-19,103.05,94.55,102.0,37.22799058245471,6915.0,NGLNMc1
2023-04-20,98.0,94.45,95.01,36.991299007063155,7990.0,NGLNMc1
2023-04-21,98.65,95.66,97.0,37.08909407308834,5995.0,NGLNMc1
2023-04-24,97.04,94.1,96.08,36.7483979936534,6325.0,NGLNMc1
2023-04-25,95.91,93.89,95.68,36.58719896270516,7455.0,NGLNMc1
2023-04-26,95.77,89.28,94.0,34.82267308151636,9085.0,NGLNMc1
2023-04-27,91.45,89.3,90.32,34.98936465690791,5170.0,NGLNMc1
2023-04-28,95.16,86.48,91.5,34.44595455010749,5625.0,NGLNMc1
2023-05-02,89.05,84.71,88.5,33.008662776811,7415.0,NGLNMc1
2023-05-03,86.18,82.62,85.06,32.390828129798344,4235.0,NGLNMc1
2023-05-04,84.53,79.95,83.5,31.35568771965742,4470.0,NGLNMc1
2023-05-05,83.85,78.91,80.32,32.56699252738253,7785.0,NGLNMc1
2023-05-09,85.41,81.93,85.0,32.283699457467506,5645.0,NGLNMc1
2023-05-10,83.0,80.0,82.5,31.592318558706115,4440.0,NGLNMc1
2023-05-11,81.5,79.0,79.35,31.57314805336609,3920.0,NGLNMc1
2023-05-12,80.51,74.86,79.6,29.735169413450716,5570.0,NGLNMc1
2023-05-15,79.0,73.76,75.2,29.25973658170403,5900.0,NGLNMc1
2023-05-16,76.4,73.17,74.0,28.877474664755866,5865.0,NGLNMc1
2023-05-17,76.13,72.3,73.75,28.662751219845088,6155.0,NGLNMc1
2023-05-18,72.49,67.71,72.3,26.638347152557408,11575.0,NGLNMc1
2023-05-19,69.79,67.43,69.25,26.868626607977614,6930.0,NGLNMc1
2023-05-22,68.32,64.11,65.8,26.0372484389395,7830.0,NGLNMc1
2023-05-23,68.77,64.8,65.05,26.02023373255536,5545.0,NGLNMc1
2023-05-24,67.24,63.75,67.24,25.258641280240216,9655.0,NGLNMc1
2023-05-25,64.5,57.5,64.5,22.95667587948272,6220.0,NGLNMc1
2023-05-26,59.73,55.14,58.0,22.5275053741427,14085.0,NGLNMc1
2023-05-30,60.0,54.8,54.8,22.984244037260723,5080.0,NGLNMc1
2023-05-31,67.32,56.44,58.26,25.219504555225715,7765.0,NGLNMc1
2023-06-01,61.29,53.81,60.94,21.547265840925377,7350.0,NGLNMc1
2023-06-02,56.96,53.93,54.62,21.796627085679194,3715.0,NGLNMc1
2023-06-05,69.65,55.92,56.46,26.622395332173202,6095.0,NGLNMc1
2023-06-06,71.48,58.77,69.27,23.444446719213843,7590.0,NGLNMc1
2023-06-07,64.56,57.49,59.62,24.6980748626608,4560.0,NGLNMc1
2023-06-08,70.17,60.43,62.42,25.187721363496777,5015.0,NGLNMc1
2023-06-09,80.56,64.0,64.0,31.016972054457984,9880.0,NGLNMc1
2023-06-12,79.29,70.25,78.0,30.007357969085888,6265.0,NGLNMc1
2023-06-13,92.6,68.71,74.27,36.56031118845327,13980.0,NGLNMc1
2023-06-14,100.8,83.01,90.05,38.084070699832814,9080.0,NGLNMc1
2023-06-15,125.3,92.26,92.26,41.03552052410687,6950.0,NGLNMc1
2023-06-16,97.01,81.0,97.01,34.87166888456682,7040.0,NGLNMc1
2023-06-19,89.03,76.5,81.0,34.415438632408645,7400.0,NGLNMc1
2023-06-20,101.69,90.15,90.75,38.469460538437914,7575.0,NGLNMc1
2023-06-21,99.84,90.5,92.0,36.405923499505235,9955.0,NGLNMc1
2023-06-22,94.63,84.5,91.87,33.87847783805916,8265.0,NGLNMc1
2023-06-23,83.88,78.15,83.0,31.959148326338422,5925.0,NGLNMc1
2023-06-26,91.63,78.41,87.75,31.699387859555742,5265.0,NGLNMc1
2023-06-27,86.8,79.11,79.3,33.79143685808851,7605.0,NGLNMc1
2023-06-28,87.5,82.49,85.0,33.42276520967687,6490.0,NGLNMc1
2023-06-29,87.5,79.7,82.0,34.22164397584196,4110.0,NGLNMc1
2023-06-30,93.73,84.05,84.5,36.18047838400383,4295.0,NGLNMc1
2023-07-03,97.84,82.85,97.25,33.183706964206515,4920.0,NGLNMc1
2023-07-04,87.5,81.95,82.95,34.591188453270554,3340.0,NGLNMc1
2023-07-05,88.99,83.4,85.0,33.71008871600642,3770.0,NGLNMc1
2023-07-06,83.59,78.2,83.25,31.60319207015389,4945.0,NGLNMc1
2023-07-07,82.82,79.45,80.45,32.69428122974034,3605.0,NGLNMc1
2023-07-10,82.99,71.77,81.36,29.32468829972362,7785.0,NGLNMc1
2023-07-11,74.57,70.14,72.5,28.238163919882624,3460.0,NGLNMc1
2023-07-12,71.34,64.0,70.4,25.792641007267893,4295.0,NGLNMc1
2023-07-13,67.0,62.76,67.0,25.72945303169891,3840.0,NGLNMc1
2023-07-14,69.75,61.5,65.0,25.20069915037363,8550.0,NGLNMc1
2023-07-17,63.2,58.5,58.5,24.445179649912994,4940.0,NGLNMc1
2023-07-18,68.49,61.8,62.75,26.414765073190708,5455.0,NGLNMc1
2023-07-19,70.84,64.39,67.2,26.745508922782957,7980.0,NGLNMc1
2023-07-20,72.46,64.5,65.25,27.750750332685023,3840.0,NGLNMc1
2023-07-21,77.65,68.51,71.0,27.91768041764766,5565.0,NGLNMc1
2023-07-24,77.39,70.2,70.81,30.383857098986592,6960.0,NGLNMc1
2023-07-25,82.85,75.59,75.59,32.40381205855257,7280.0,NGLNMc1
2023-07-26,86.0,72.0,83.75,29.14405705121643,6700.0,NGLNMc1
2023-07-27,73.59,69.65,72.75,27.838845327054973,5370.0,NGLNMc1
2023-07-28,68.75,62.5,68.75,25.32324291124987,8745.0,NGLNMc1
2023-07-31,72.39,66.58,66.58,28.17012147268571,3300.0,NGLNMc1
2023-08-01,76.88,67.19,73.85,26.942679223393736,5105.0,NGLNMc1
2023-08-02,72.88,68.25,68.5,28.60349814037602,4155.0,NGLNMc1
2023-08-03,78.54,72.9,72.9,30.242575493909307,3995.0,NGLNMc1
2023-08-04,78.15,71.8,78.15,28.811667519705193,6220.0,NGLNMc1
2023-08-07,78.39,72.28,74.0,30.29637697478418,4250.0,NGLNMc1
2023-08-08,79.94,74.52,76.49,30.99257378783226,5730.0,NGLNMc1
2023-08-09,110.47,78.18,78.18,39.970523083222446,12310.0,NGLNMc1
2023-08-10,106.74,92.83,103.39,37.08639574163169,7870.0,NGLNMc1
2023-08-11,96.03,88.58,93.25,35.378063261336884,4460.0,NGLNMc1
2023-08-14,94.16,84.9,92.4,34.45705462858703,5025.0,NGLNMc1
2023-08-15,102.01,89.66,89.66,39.11406080458595,6250.0,NGLNMc1
2023-08-16,107.34,93.5,102.72,38.03787491043096,5300.0,NGLNMc1
2023-08-17,99.54,90.64,92.0,37.17029173917494,3730.0,NGLNMc1
2023-08-18,96.4,89.65,94.0,36.30699935169073,4450.0,NGLNMc1
2023-08-21,102.77,95.3,101.35,40.76150066537005,8350.0,NGLNMc1
2023-08-22,111.33,97.55,98.0,42.49140819599413,7455.0,NGLNMc1
2023-08-23,106.51,87.9,104.3,36.89082881222916,8195.0,NGLNMc1
2023-08-24,85.11,74.5,76.5,31.94492510321766,8570.0,NGLNMc1
2023-08-25,89.03,79.75,79.75,34.388581226328185,5080.0,NGLNMc1
2023-08-29,98.98,87.0,98.98,35.00725765175555,9275.0,NGLNMc1
2023-08-30,90.73,85.63,85.63,35.679456443853006,9355.0,NGLNMc1
2023-08-31,96.79,84.9,95.35,34.175575459787765,5365.0,NGLNMc1
2023-09-01,91.19,84.06,90.0,34.518087828846355,4270.0,NGLNMc1
2023-09-04,90.77,79.92,88.99,32.420155594226635,7520.0,NGLNMc1
2023-09-05,84.9,78.0,83.25,33.36463507011977,4930.0,NGLNMc1
2023-09-06,85.0,74.81,82.75,29.93692633159314,7930.0,NGLNMc1
2023-09-07,81.2,74.34,74.9,31.6162636912683,11050.0,NGLNMc1
2023-09-08,91.0,83.71,86.0,33.67818814617668,9485.0,NGLNMc1
2023-09-11,94.11,88.25,91.0,35.624296243218346,9175.0,NGLNMc1
2023-09-12,92.25,86.5,92.25,34.47700071655236,7840.0,NGLNMc1
2023-09-13,95.5,86.0,88.5,36.64977991606101,10705.0,NGLNMc1
2023-09-14,95.99,88.54,93.5,35.504525198757975,10870.0,NGLNMc1
2023-09-15,92.94,86.0,86.0,36.51393728460778,7360.0,NGLNMc1
2023-09-18,90.79,86.5,86.5,34.581553894973894,7965.0,NGLNMc1
2023-09-19,95.5,86.4,86.4,37.04703961510902,12925.0,NGLNMc1
2023-09-20,100.55,90.55,95.0,37.67028764459003,10975.0,NGLNMc1
2023-09-21,100.88,91.06,91.5,39.56981847340226,10890.0,NGLNMc1
2023-09-22,107.3,97.0,99.0,40.003690585866856,9995.0,NGLNMc1
2023-09-25,115.01,101.15,101.15,44.33115808509913,9800.0,NGLNMc1
2023-09-26,111.0,100.0,109.66,40.104354249837925,7135.0,NGLNMc1
2023-09-27,101.15,97.9,99.04,39.18464257685877,12770.0,NGLNMc1
2023-09-28,104.9,99.75,102.0,39.52434742552974,9695.0,NGLNMc1
2023-09-29,109.63,104.02,109.5,41.48819053468455,7390.0,NGLNMc1
2023-10-02,107.75,96.66,107.75,38.7137066229911,8880.0,NGLNMc1
2023-10-03,96.66,90.0,96.66,36.307281878049615,10165.0,NGLNMc1
2023-10-04,96.35,92.07,95.0,37.81098543010203,6115.0,NGLNMc1
2023-10-05,96.6,89.0,93.46,35.430374313303986,7615.0,NGLNMc1
2023-10-06,95.24,88.39,88.75,37.22274712526018,8250.0,NGLNMc1
2023-10-09,111.8,96.6,96.6,43.17602006346607,9780.0,NGLNMc1
2023-10-10,125.63,108.93,108.93,49.28485413041252,11595.0,NGLNMc1
2023-10-11,125.25,114.3,124.0,46.131492817415634,11510.0,NGLNMc1
2023-10-12,134.9,114.05,114.05,52.848995803050464,11385.0,NGLNMc1
2023-10-13,141.06,125.0,128.75,53.90664005186474,10720.0,NGLNMc1
2023-10-16,134.78,120.05,131.01,47.82797829869997,11240.0,NGLNMc1
2023-10-17,123.75,115.45,123.0,47.94675162930358,8810.0,NGLNMc1
2023-10-18,128.4,118.01,120.5,49.46127546319992,9355.0,NGLNMc1
2023-10-19,125.75,114.85,121.5,48.39823216296448,8495.0,NGLNMc1
2023-10-20,132.0,122.0,129.5,49.39610604974921,14285.0,NGLNMc1
2023-10-23,128.4,118.76,119.74,49.645588084757904,7310.0,NGLNMc1
2023-10-24,131.88,119.85,124.2,47.84385471047872,5965.0,NGLNMc1
2023-10-25,127.1,119.81,123.7,48.570191421844605,6220.0,NGLNMc1
2023-10-26,130.0,123.5,129.49,49.40313235745726,7110.0,NGLNMc1
2023-10-27,129.1,124.1,125.55,49.20128024021565,12640.0,NGLNMc1
2023-10-30,135.65,125.24,132.0,50.00618691780121,11455.0,NGLNMc1
2023-10-31,135.5,122.34,135.5,48.62551677073736,7790.0,NGLNMc1
2023-11-01,125.51,119.45,121.5,47.952431159791175,9445.0,NGLNMc1
2023-11-02,126.9,119.04,120.5,48.77803767018119,9900.0,NGLNMc1
2023-11-03,129.69,120.2,126.0,48.226333299211795,10005.0,NGLNMc1
2023-11-06,120.33,113.18,118.0,44.661977002081414,10050.0,NGLNMc1
2023-11-07,119.63,113.96,115.01,45.71395946360937,6460.0,NGLNMc1
2023-11-08,117.8,113.89,116.02,45.44635752550585,8250.0,NGLNMc1
2023-11-09,124.5,114.5,114.5,47.71281127375712,8205.0,NGLNMc1
2023-11-10,125.76,115.0,122.02,45.94745896884704,8105.0,NGLNMc1
2023-11-13,123.39,112.27,116.8,46.860402634182954,12220.0,NGLNMc1
2023-11-14,120.02,115.1,117.5,46.681593475961385,10620.0,NGLNMc1
2023-11-15,124.11,116.29,120.85,46.168280615552604,9150.0,NGLNMc1
2023-11-16,120.45,114.87,119.0,45.05406387552462,8740.0,NGLNMc1
2023-11-17,118.15,113.0,116.25,44.27814720032757,6980.0,NGLNMc1
2023-11-20,120.08,114.76,119.0,45.342403862558434,9740.0,NGLNMc1
2023-11-21,120.0,109.11,120.0,43.83594294878357,9480.0,NGLNMc1
2023-11-22,114.73,109.4,112.99,44.24869655713652,7520.0,NGLNMc1
2023-11-23,121.11,114.31,116.84,46.99990343603917,13955.0,NGLNMc1
2023-11-24,122.87,117.5,118.75,47.10750844508139,13655.0,NGLNMc1
2023-11-27,117.0,111.83,117.0,44.134325246528135,11280.0,NGLNMc1
2023-11-28,114.5,107.0,114.25,42.81636742075273,9810.0,NGLNMc1
2023-11-29,109.25,100.15,107.0,40.4059146279046,13120.0,NGLNMc1
2023-11-30,109.3,103.15,103.5,42.3738683590951,6305.0,NGLNMc1
2023-12-01,111.1,106.0,107.8,43.654969802436284,6945.0,NGLNMc1
2023-12-04,106.44,100.29,104.15,40.06745965127786,7910.0,NGLNMc1
2023-12-05,100.75,94.93,100.75,37.928089534923394,9110.0,NGLNMc1
2023-12-06,99.7,94.5,96.0,39.092819121711536,9700.0,NGLNMc1
2023-12-07,102.22,97.25,97.5,39.77548572013513,8375.0,NGLNMc1
2023-12-08,104.09,96.89,102.5,38.57229330876582,7235.0,NGLNMc1
2023-12-11,94.5,89.33,94.01,35.88491350189375,8435.0,NGLNMc1
2023-12-12,91.16,86.24,90.13,34.420257958849426,7500.0,NGLNMc1
2023-12-13,90.74,84.41,84.41,35.484355273484155,10230.0,NGLNMc1
2023-12-14,90.54,86.2,88.0,34.36814412938889,10580.0,NGLNMc1
2023-12-15,86.24,81.93,85.25,32.77269082471765,7010.0,NGLNMc1
2023-12-18,94.0,80.77,82.5,35.03938581226328,11575.0,NGLNMc1
2023-12-19,88.0,79.73,88.0,31.857749001944928,8590.0,NGLNMc1
2023-12-20,86.5,81.66,84.91,32.86256525744703,10165.0,NGLNMc1
2023-12-21,91.13,81.4,80.01,33.633845156447265,7560.0,NGLNMc1
2023-12-22,87.45,83.65,85.75,33.58708977377418,5790.0,NGLNMc1
2023-12-27,93.9,88.3,88.5,35.39514996417238,9880.0,NGLNMc1
2023-12-28,87.5,83.25,87.5,32.808711911829946,17565.0,NGLNMc1
2023-12-29,86.1,78.91,84.0,31.747530624082984,4460.0,NGLNMc1
2024-01-02,82.99,75.0,82.11,30.006247654144058,7825.0,NGLNMc1
2024-01-03,82.52,76.27,76.5,32.243424437847615,8920.0,NGLNMc1
2024-01-04,85.64,80.91,82.45,33.146833179786405,10045.0,NGLNMc1
2024-01-05,88.6,81.5,82.51,34.4849448937114,8490.0,NGLNMc1
2024-01-08,85.9,78.09,85.41,31.276107414610845,10150.0,NGLNMc1
2024-01-09,79.37,75.74,77.04,30.322271129764225,7850.0,NGLNMc1
2024-01-10,79.0,75.65,79.0,30.552501791380898,6300.0,NGLNMc1
2024-01-11,77.5,75.1,77.5,30.43332719145597,6965.0,NGLNMc1
2024-01-12,80.46,76.5,76.65,31.74220493397482,6265.0,NGLNMc1
2024-01-15,79.28,72.9,79.28,29.388009690517624,11160.0,NGLNMc1
2024-01-16,76.1,72.43,74.99,29.142588460094856,9510.0,NGLNMc1
2024-01-17,73.51,67.6,73.16,27.1648602722899,8865.0,NGLNMc1
2024-01-18,70.54,68.1,68.33,27.272748490121813,10455.0,NGLNMc1
2024-01-19,72.04,69.0,71.0,27.789534240966322,11045.0,NGLNMc1
2024-01-22,68.5,65.19,68.5,26.65486914389054,10640.0,NGLNMc1
2024-01-23,68.59,65.75,67.26,26.618461459719526,12340.0,NGLNMc1
2024-01-24,72.0,66.7,67.0,28.463253147712155,10755.0,NGLNMc1
2024-01-25,72.4,67.58,70.75,27.366764254273725,8035.0,NGLNMc1
2024-01-26,70.99,65.41,68.01,27.686047701914216,10480.0,NGLNMc1
2024-01-29,72.05,68.75,69.75,27.80432797625141,7890.0,NGLNMc1
2024-01-30,73.65,67.8,69.5,29.19659569386154,12510.0,NGLNMc1
2024-01-31,75.6,71.05,72.0,29.728112737571234,7820.0,NGLNMc1
2024-02-01,75.5,70.61,73.5,28.49076159279353,8115.0,NGLNMc1
2024-02-02,72.11,69.58,70.1,28.5022445149623,7920.0,NGLNMc1
2024-02-05,74.01,68.8,74.01,27.599996929061316,6550.0,NGLNMc1
2024-02-06,71.35,68.25,69.75,28.00777937011636,6760.0,NGLNMc1
2024-02-07,70.57,67.82,69.01,27.58305592520558,5880.0,NGLNMc1
2024-02-08,69.79,67.87,68.3,27.289157880369874,6315.0,NGLNMc1
2024-02-09,67.34,65.35,66.75,26.52539256832839,8785.0,NGLNMc1
2024-02-12,64.75,62.35,63.95,25.058289828368647,18185.0,NGLNMc1
2024-02-13,64.4,61.66,63.15,24.946451018528,9050.0,NGLNMc1
2024-02-14,62.11,60.17,61.51,24.38465690790596,10120.0,NGLNMc1
2024-02-15,62.94,60.11,60.3,24.37995700685843,10280.0,NGLNMc1
2024-02-16,62.1,59.45,61.34,24.160354864025663,7435.0,NGLNMc1
2024-02-19,59.9,57.6,59.25,23.083445593202992,8020.0,NGLNMc1
2024-02-20,60.1,57.33,58.01,23.623343569795615,10370.0,NGLNMc1
2024-02-21,59.66,58.11,59.0,23.549557443614155,9665.0,NGLNMc1
2024-02-22,59.5,56.33,58.9,22.865646432592897,9050.0,NGLNMc1
2024-02-23,57.94,55.42,57.5,22.551634763025902,8075.0,NGLNMc1
2024-02-26,60.12,56.4,57.25,23.64553860852356,8130.0,NGLNMc1
2024-02-27,61.5,56.95,58.51,24.18251612242809,12175.0,NGLNMc1
2024-02-28,65.0,61.0,62.0,25.534432046951235,13005.0,NGLNMc1
2024-02-29,63.51,61.04,61.04,24.546270856791892,8020.0,NGLNMc1
2024-03-01,64.68,62.0,62.51,25.574258709523324,10455.0,NGLNMc1
2024-03-04,68.6,61.76,63.9,26.845627324529975,14725.0,NGLNMc1
2024-03-05,72.08,66.22,67.51,27.426553383150786,13035.0,NGLNMc1
2024-03-06,71.6,65.59,68.25,26.486390964615964,9775.0,NGLNMc1
2024-03-07,67.5,64.43,65.4,26.06028593851298,9610.0,NGLNMc1
2024-03-08,67.27,64.5,65.35,26.370325519500465,10730.0,NGLNMc1
2024-03-11,66.5,62.0,64.9,24.954810113624735,12035.0,NGLNMc1
2024-03-12,63.14,61.02,62.55,24.95990718940868,11690.0,NGLNMc1
2024-03-13,63.9,61.5,63.39,24.88590439144232,13170.0,NGLNMc1
2024-03-14,66.63,61.39,61.64,26.09062851878391,12215.0,NGLNMc1
2024-03-15,68.73,65.03,66.1,27.118601699252743,13065.0,NGLNMc1
2024-03-18,74.55,69.65,69.89,29.262004299314164,16345.0,NGLNMc1
2024-03-19,76.05,71.0,74.2,29.437752072883615,17690.0,NGLNMc1
2024-03-20,73.95,70.34,73.4,28.503775207288356,15405.0,NGLNMc1
2024-03-21,70.96,68.0,70.5,27.187497184972877,10800.0,NGLNMc1
2024-03-22,72.22,67.4,68.35,28.493315590132045,13410.0,NGLNMc1
2024-03-25,74.78,71.95,72.25,29.19918005937148,18175.0,NGLNMc1
2024-03-26,72.53,68.86,71.34,27.496048725560446,12680.0,NGLNMc1
2024-03-27,70.4,68.3,69.5,27.565653939331902,7900.0,NGLNMc1
2024-03-28,70.66,67.7,69.05,27.16241512266694,8130.0,NGLNMc1
2024-04-02,68.4,64.31,67.99,25.770920257958853,14380.0,NGLNMc1
2024-04-03,64.25,62.12,63.65,25.15086361620091,9215.0,NGLNMc1
2024-04-04,65.52,63.0,63.2,25.803696045313405,9870.0,NGLNMc1
2024-04-05,66.97,64.26,65.0,26.27912785341386,10405.0,NGLNMc1
2024-04-08,70.37,64.37,66.02,27.710837001398982,9560.0,NGLNMc1
2024-04-09,71.65,67.57,69.62,27.08677107858191,11320.0,NGLNMc1
2024-04-10,69.96,66.65,68.5,26.805936124475384,8410.0,NGLNMc1
2024-04-11,74.38,67.59,67.59,29.423700139898315,11540.0,NGLNMc1
2024-04-12,77.0,71.84,73.21,30.476941345071143,11750.0,NGLNMc1
2024-04-15,79.0,74.2,79.0,30.971440270242606,11580.0,NGLNMc1
2024-04-16,84.36,78.5,78.5,33.075545091616334,11130.0,NGLNMc1
2024-04-17,84.43,77.85,83.7,31.092537618998875,16330.0,NGLNMc1
2024-04-18,81.85,75.92,78.0,32.36540075749821,11855.0,NGLNMc1
2024-04-19,84.54,76.91,83.74,30.656812365646438,11995.0,NGLNMc1
2024-04-22,77.1,73.13,74.01,29.253152147951003,8855.0,NGLNMc1
2024-04-23,75.41,70.85,72.76,28.20383935578531,8965.0,NGLNMc1
2024-04-24,73.56,70.33,72.6,28.85620056641758,8155.0,NGLNMc1
2024-04-25,77.0,73.05,74.0,29.63892210052206,10930.0,NGLNMc1
2024-04-26,77.0,71.75,77.0,28.638136281434473,8795.0,NGLNMc1
2024-04-29,71.88,68.49,71.65,27.52402497696796,7090.0,NGLNMc1
2024-04-30,72.48,68.33,68.8,28.580758863070262,6195.0,NGLNMc1
2024-05-01,72.5,69.5,71.82,27.848251612242812,6365.0,NGLNMc1
2024-05-02,76.27,69.41,70.0,30.09182174907019,13940.0,NGLNMc1
2024-05-03,77.67,73.15,76.0,29.620800150134777,9090.0,NGLNMc1
2024-05-07,78.36,74.63,77.51,30.093437062817763,8460.0,NGLNMc1
2024-05-08,75.93,73.6,74.75,29.645169413450716,8080.0,NGLNMc1
2024-05-09,77.1,74.45,75.0,29.943678302112126,10770.0,NGLNMc1
2024-05-10,77.29,72.09,74.91,28.940526154161123,12545.0,NGLNMc1
2024-05-13,73.06,70.71,72.0,28.40899853277374,10110.0,NGLNMc1
2024-05-14,73.1,70.76,71.66,28.570872487801548,7175.0,NGLNMc1
2024-05-15,74.05,71.25,72.0,28.63155628348176,7685.0,NGLNMc1
2024-05-16,74.2,71.65,71.65,29.045541338246835,9965.0,NGLNMc1
2024-05-17,74.96,73.06,73.25,29.64047906643464,9125.0,NGLNMc1
2024-05-20,77.96,75.07,75.15,30.62556385846385,12520.0,NGLNMc1
2024-05-21,80.0,75.43,76.34,31.777112976422018,14590.0,NGLNMc1
2024-05-22,83.55,78.75,79.25,33.052090626812706,13170.0,NGLNMc1
2024-05-23,87.71,81.17,82.55,34.1820793667042,12360.0,NGLNMc1
2024-05-24,85.94,80.96,85.4,32.82483365748798,8065.0,NGLNMc1
2024-05-28,84.55,79.97,84.55,32.4045149622957,9025.0,NGLNMc1
2024-05-29,82.68,79.65,81.84,32.74791585628007,8760.0,NGLNMc1
2024-05-30,85.0,80.0,81.29,33.845221619408335,5570.0,NGLNMc1
2024-05-31,85.64,81.68,84.01,32.766064421469274,8650.0,NGLNMc1
2024-06-03,94.0,85.35,86.5,34.90210256935203,17660.0,NGLNMc1
2024-06-04,88.22,80.35,87.27,32.258548810864305,18110.0,NGLNMc1
2024-06-05,82.44,78.93,81.0,31.84212235984577,8285.0,NGLNMc1
2024-06-06,81.65,78.0,79.64,32.267505715358105,8295.0,NGLNMc1
2024-06-07,79.85,78.15,78.25,31.495633125191933,11495.0,NGLNMc1
2024-06-10,82.25,76.28,78.4,32.808806087282896,8605.0,NGLNMc1
2024-06-11,83.5,80.0,80.0,32.803274303067525,10625.0,NGLNMc1
2024-06-12,85.4,80.9,80.9,33.874814549425054,11670.0,NGLNMc1
2024-06-13,87.5,83.7,84.25,34.180806633227554,10330.0,NGLNMc1
2024-06-14,84.96,81.79,83.36,33.64339645818406,8895.0,NGLNMc1
2024-06-17,84.5,80.36,83.25,32.508023339134,8060.0,NGLNMc1
2024-06-18,82.34,79.7,80.65,32.873893609035385,11680.0,NGLNMc1
2024-06-19,83.35,80.45,81.25,33.430123861193564,12355.0,NGLNMc1
2024-06-20,83.51,79.99,82.9,32.43359470433685,7065.0,NGLNMc1
2024-06-21,81.05,78.9,80.54,31.941415020302323,8125.0,NGLNMc1
2024-06-24,80.75,78.44,79.0,32.121266932814684,8770.0,NGLNMc1
2024-06-25,81.9,79.95,80.5,32.95671409560856,6770.0,NGLNMc1
2024-06-26,83.05,78.89,81.69,31.84717405398028,10255.0,NGLNMc1
2024-06-27,81.16,79.15,79.5,32.53327054969803,5630.0,NGLNMc1
2024-06-28,81.9,79.9,81.35,32.751514996417235,6450.0,NGLNMc1
2024-07-01,83.15,78.05,81.89,31.459463609376602,9775.0,NGLNMc1
2024-07-02,79.13,77.3,78.48,31.707448391169343,10180.0,NGLNMc1
2024-07-03,78.54,75.85,78.2,30.61922544102092,7850.0,NGLNMc1
2024-07-04,79.15,75.44,76.27,31.381448800627837,6775.0,NGLNMc1
2024-07-05,79.6,76.65,78.35,31.153728460777288,6800.0,NGLNMc1
2024-07-08,79.09,74.66,77.5,30.269218957928143,7665.0,NGLNMc1
2024-07-09,75.3,71.85,74.5,29.362383730849288,8555.0,NGLNMc1
2024-07-10,73.68,70.87,72.54,28.812508274473675,6045.0,NGLNMc1
2024-07-11,73.05,70.0,71.03,29.25018800969052,6135.0,NGLNMc1
2024-07-12,74.34,71.25,72.69,29.720047770157308,6475.0,NGLNMc1
2024-07-15,73.75,71.64,72.9,29.335252328795168,10160.0,NGLNMc1
2024-07-16,76.93,73.17,73.21,30.958431432763504,12675.0,NGLNMc1
2024-07-17,76.95,73.06,76.35,29.92634967755144,10555.0,NGLNMc1
2024-07-18,76.27,73.33,73.65,30.808303818200436,7550.0,NGLNMc1
2024-07-19,76.3,73.66,74.99,30.27499539359198,7970.0,NGLNMc1
2024-07-22,74.3,72.1,73.89,29.960525471730303,8045.0,NGLNMc1
2024-07-23,74.01,72.25,73.4,29.699173917494115,12620.0,NGLNMc1
2024-07-24,76.92,72.95,73.1,30.790133074009624,7760.0,NGLNMc1
2024-07-25,75.6,73.81,75.52,29.990409458491147,7845.0,NGLNMc1
2024-07-26,77.05,74.55,74.65,30.776934179547553,12815.0,NGLNMc1
2024-07-29,79.85,74.0,74.0,32.31294230047429,11135.0,NGLNMc1
2024-07-30,80.95,78.1,78.91,32.593339475210705,4800.0,NGLNMc1
2024-07-31,87.24,85.15,86.5,35.243713106083874,5825.0,NGLNMc1
2024-08-01,90.33,86.97,87.94,36.31167775616747,10680.0,NGLNMc1
2024-08-02,90.95,88.09,90.05,35.91448459412427,11065.0,NGLNMc1
2024-08-05,89.91,85.25,89.75,34.63346640734296,9530.0,NGLNMc1
2024-08-06,91.0,87.17,88.27,35.75615859692225,9600.0,NGLNMc1
2024-08-07,95.28,87.91,90.0,37.44299382400109,12365.0,NGLNMc1
2024-08-08,99.28,94.0,95.01,39.063895656327844,10615.0,NGLNMc1
2024-08-09,99.81,96.4,97.75,39.258707817245025,7855.0,NGLNMc1
2024-08-12,104.77,96.16,97.26,38.527631282628725,8875.0,NGLNMc1
2024-08-13,98.54,93.95,96.5,38.275172484389394,8705.0,NGLNMc1
2024-08-14,97.91,93.97,96.29,37.40667451462108,8360.0,NGLNMc1
2024-08-15,96.36,93.01,94.01,38.20623741768179,6475.0,NGLNMc1
2024-08-16,96.52,93.86,95.58,38.11265022008394,6390.0,NGLNMc1
2024-08-19,97.84,94.21,94.65,38.439535605827956,9195.0,NGLNMc1
2024-08-20,97.19,90.75,95.37,36.53157129695977,12120.0,NGLNMc1
2024-08-21,93.38,88.34,91.75,35.49690347016072,10240.0,NGLNMc1
2024-08-22,90.3,86.46,89.28,35.166872078343054,6715.0,NGLNMc1
2024-08-23,90.01,86.59,88.19,35.64917732964821,7185.0,NGLNMc1
2024-08-27,94.15,89.54,90.0,37.70472924557273,9620.0,NGLNMc1
2024-08-28,95.37,92.49,92.93,37.5567263793633,15685.0,NGLNMc1
2024-08-29,93.79,90.85,93.34,37.19029105674412,5980.0,NGLNMc1
2024-08-30,97.55,93.67,94.65,38.95605486743782,7110.0,NGLNMc1
